[191, 0, 14, 2, 0, 0, 6, 0, 158]
[0, 0, 0, 0, 9, 0, 0, 0, 0]
[15, 15, 15, 15, 15, 15, 15, 15, 0]
[60, 0, 0, 0, 161, 1, 0, 0, 2]
[]
[17, 18, 12, 4, 185, 25, 7, 0, 0]
[15, 15, 15, 15, 15, 15, 15, 0, 15]
[23, 8, 14, 17, 35, 14, 2, 0, 0]
[]
[]
[]
[37, 10, 98, 15, 129, 0, 0, 18, 0]
[]
[]
[22, 10, 13, 13, 25, 19, 0, 0, 0]
[]
[13, 13, 13, 13, 13, 13, 0, 0, 0]
[13, 13, 13, 13, 13, 13, 0, 0, 0]
[]
[]
[]
[]
[]
[13, 13, 13, 13, 13, 13, 0, 0, 0]
[]
[]
[]
[]
[]
[]
[]
[]
[13, 13, 13, 13, 22, 0, 10, 0, 0]
[17, 14, 14, 20, 32, 0, 35, 0, 20]
[7, 10, 10, 4, 16, 0, 10, 0, 0]
[13, 13, 13, 13, 13, 0, 13, 0, 0]
[]
[]
[13, 10, 7, 7, 19, 0, 0, 13, 0]
[]
[]
[]
[16, 10, 16, 13, 13, 0, 0, 0, 13]
[]
[9, 9, 15, 15, 27, 0, 0, 0, 0]
[15, 0, 27, 42, 108, 0, 0, 18, 89]
[22, 13, 10, 37, 7, 0, 0, 4, 0]
[13, 13, 13, 13, 13, 0, 0, 13, 0]
[34, 7, 1, 22, 43, 0, 0, 0, 10]
[]
[24, 21, 12, 24, 27, 0, 0, 0, 0]
[13, 13, 13, 13, 13, 0, 0, 0, 13]
[24, 12, 15, 15, 27, 0, 0, 0, 0]
[]
[]
[]
[]
[]
[]
[]
[]
[13, 13, 13, 13, 13, 0, 13, 0, 0]
[]
[14, 14, 11, 20, 29, 0, 0, 8, 17]
[13, 10, 13, 13, 13, 0, 0, 13, 0]
[13, 13, 13, 13, 13, 0, 0, 13, 0]
[7, 10, 7, 10, 16, 0, 0, 0, 16]
[]
[9, 12, 24, 21, 27, 0, 0, 0, 0]
[13, 13, 13, 13, 13, 0, 0, 0, 13]
[12, 12, 9, 9, 15, 0, 0, 0, 0]
[]
[]
[13, 13, 13, 13, 13, 0, 0, 13, 0]
[]
[13, 13, 13, 13, 13, 0, 0, 0, 13]
[12, 12, 12, 15, 15, 0, 0, 0, 0]
[]
[]
[]
[]
[0, 0, 0, 0, 0, 0, 6, 0, 0]
[]
[8, 32, 80, 26, 0, 5, 131, 8, 0]
[]
[]
[0, 1, 0, 0, 0, 0, 0, 0, 0]
[5, 0, 0, 0, 0, 0, 8, 0, 26]
[10, 7, 7, 10, 0, 4, 4, 0, 0]
[13, 13, 13, 13, 0, 13, 13, 0, 0]
[]
[]
[0, 0, 25, 0, 0, 0, 0, 0, 0]
[]
[]
[]
[]
[]
[0, 0, 3, 0, 0, 0, 0, 0, 0]
[]
[]
[13, 13, 13, 13, 0, 13, 0, 13, 0]
[]
[]
[3, 15, 3, 3, 0, 6, 0, 0, 0]
[]
[]
[]
[]
[]
[]
[]
[]
[]
[16, 4, 7, 10, 0, 0, 7, 0, 7]
[]
[9, 3, 3, 18, 0, 0, 60, 0, 0]
[]
[]
[]
[]
[]
[]
[]
[]
[8, 11, 11, 8, 0, 0, 0, 0, 0]
[0, 1, 0, 190, 0, 0, 0, 0, 19]
[]
[3, 3, 0, 51, 0, 0, 0, 90, 0]
[]
[]
[8, 11, 8, 11, 0, 0, 0, 0, 0]
[3, 3, 6, 24, 0, 0, 0, 0, 30]
[8, 8, 2, 5, 0, 0, 0, 0, 0]
[]
[]
[]
[]
[]
[]
[]
[13, 13, 13, 13, 0, 0, 13, 0, 13]
[12, 3, 6, 6, 0, 0, 12, 0, 0]
[]
[13, 7, 4, 10, 0, 0, 0, 7, 10]
[]
[12, 3, 24, 9, 0, 0, 0, 18, 0]
[]
[]
[5, 11, 14, 5, 0, 0, 0, 0, 0]
[12, 3, 12, 3, 0, 0, 0, 0, 9]
[11, 11, 5, 8, 0, 0, 0, 0, 0]
[11, 11, 11, 11, 0, 0, 0, 0, 0]
[13, 13, 13, 13, 0, 0, 0, 13, 13]
[33, 9, 3, 9, 0, 0, 0, 9, 0]
[]
[6, 18, 9, 12, 0, 0, 0, 0, 6]
[11, 11, 2, 8, 0, 0, 0, 0, 0]
[11, 11, 11, 11, 0, 0, 0, 0, 0]
[]
[11, 11, 11, 11, 0, 0, 0, 0, 0]
[]
[15, 15, 15, 15, 0, 15, 15, 15, 15]
[7, 9, 33, 27, 0, 12, 21, 86, 0]
[]
[83, 26, 62, 62, 0, 50, 80, 0, 89]
[0, 0, 4, 34, 0, 1, 271, 0, 0]
[13, 13, 13, 13, 0, 13, 13, 0, 0]
[]
[13, 13, 13, 13, 0, 13, 13, 0, 0]
[]
[]
[0, 0, 0, 0, 0, 0, 0, 4, 0]
[13, 13, 13, 13, 0, 13, 0, 13, 0]
[]
[]
[63, 66, 48, 48, 0, 45, 0, 0, 0]
[]
[21, 15, 27, 27, 0, 15, 0, 0, 0]
[]
[]
[]
[]
[]
[]
[]
[]
[]
[]
[]
[]
[]
[25, 10, 115, 0, 0, 0, 103, 0, 172]
[]
[42, 27, 45, 45, 0, 0, 36, 0, 0]
[13, 13, 13, 13, 0, 0, 13, 0, 13]
[18, 30, 30, 12, 0, 0, 9, 0, 0]
[]
[58, 46, 40, 1, 0, 0, 0, 49, 73]
[]
[78, 48, 21, 21, 0, 0, 0, 93, 0]
[]
[]
[98, 26, 47, 44, 0, 0, 0, 0, 0]
[24, 18, 24, 18, 0, 0, 0, 0, 21]
[8, 29, 11, 11, 0, 0, 0, 0, 0]
[11, 11, 11, 11, 0, 0, 0, 0, 0]
[13, 13, 13, 13, 0, 0, 0, 13, 13]
[39, 30, 81, 9, 0, 0, 0, 27, 0]
[]
[42, 45, 105, 57, 0, 0, 0, 0, 45]
[0, 23, 86, 17, 0, 0, 0, 0, 0]
[11, 11, 11, 11, 0, 0, 0, 0, 0]
[]
[11, 11, 11, 11, 0, 0, 0, 0, 0]
[]
[]
[]
[]
[]
[]
[]
[]
[]
[]
[13, 13, 13, 13, 0, 0, 0, 13, 13]
[12, 18, 9, 42, 0, 0, 0, 30, 0]
[]
[15, 0, 12, 39, 0, 0, 0, 0, 33]
[]
[11, 11, 11, 11, 0, 0, 0, 0, 0]
[]
[11, 11, 11, 11, 0, 0, 0, 0, 0]
[]
[]
[]
[]
[]
[11, 11, 11, 11, 0, 0, 0, 0, 0]
[]
[]
[]
[]
[]
[]
[]
[]
[]
[]
[]
[]
[]
[]
[]
[]
[]
[]
[]
[]
[]
[]
[]
[]
[]
[]
[]
[]
[]
[]
[]
[]
[]
[16, 10, 4, 0, 79, 0, 4, 19, 0]
[]
[]
[]
[16, 13, 13, 0, 16, 0, 13, 0, 13]
[]
[15, 21, 9, 0, 21, 0, 24, 0, 0]
[]
[]
[]
[]
[]
[]
[]
[]
[11, 8, 8, 0, 11, 0, 0, 0, 0]
[]
[]
[12, 15, 21, 0, 36, 0, 0, 30, 0]
[]
[]
[11, 11, 11, 0, 11, 0, 0, 0, 0]
[]
[]
[]
[17, 17, 20, 0, 17, 0, 20, 26, 20]
[13, 13, 13, 0, 13, 0, 13, 13, 0]
[13, 13, 13, 0, 13, 0, 13, 13, 0]
[7, 13, 13, 0, 7, 0, 13, 0, 7]
[]
[36, 27, 18, 0, 15, 0, 24, 0, 0]
[13, 13, 13, 0, 13, 0, 13, 0, 13]
[12, 15, 9, 0, 18, 0, 12, 0, 0]
[]
[13, 7, 4, 0, 7, 0, 0, 7, 13]
[]
[12, 6, 33, 0, 27, 0, 0, 0, 0]
[]
[]
[17, 5, 17, 0, 23, 0, 0, 0, 0]
[18, 12, 15, 0, 9, 0, 0, 0, 15]
[11, 11, 11, 0, 8, 0, 0, 0, 0]
[11, 11, 11, 0, 11, 0, 0, 0, 0]
[13, 13, 13, 0, 13, 0, 0, 13, 13]
[12, 18, 18, 0, 15, 0, 0, 12, 0]
[]
[12, 12, 18, 0, 18, 0, 0, 0, 18]
[11, 8, 11, 0, 11, 0, 0, 0, 0]
[11, 11, 11, 0, 11, 0, 0, 0, 0]
[]
[11, 11, 11, 0, 11, 0, 0, 0, 0]
[]
[]
[]
[]
[]
[]
[]
[]
[]
[]
[]
[]
[]
[]
[]
[]
[]
[]
[]
[]
[]
[]
[]
[]
[]
[]
[]
[]
[]
[]
[]
[]
[]
[]
[]
[]
[]
[]
[]
[]
[]
[]
[]
[]
[]
[]
[]
[]
[]
[]
[]
[]
[]
[]
[]
[13, 16, 13, 0, 0, 0, 13, 13, 13]
[]
[12, 21, 12, 0, 0, 0, 27, 30, 0]
[]
[]
[2, 38, 44, 0, 0, 0, 5, 0, 0]
[18, 15, 12, 0, 0, 0, 18, 0, 15]
[11, 8, 11, 0, 0, 0, 5, 0, 0]
[11, 11, 11, 0, 0, 0, 11, 0, 0]
[]
[]
[5, 0, 68, 0, 0, 0, 0, 8, 0]
[]
[]
[]
[11, 11, 11, 0, 0, 0, 0, 0, 11]
[]
[4, 0, 31, 0, 0, 0, 0, 0, 0]
[18, 12, 21, 0, 0, 0, 0, 12, 21]
[5, 0, 0, 0, 0, 0, 0, 0, 0]
[11, 11, 11, 0, 0, 0, 0, 11, 0]
[0, 8, 0, 0, 0, 0, 0, 0, 0]
[]
[4, 19, 34, 0, 0, 0, 0, 0, 0]
[11, 11, 11, 0, 0, 0, 0, 0, 11]
[10, 10, 7, 0, 0, 0, 0, 0, 0]
[]
[]
[]
[]
[]
[]
[]
[]
[]
[]
[]
[]
[]
[]
[]
[]
[]
[]
[]
[]
[]
[]
[]
[]
[]
[]
[]
[]
[61, 46, 34, 0, 0, 0, 34, 64, 34]
[]
[66, 33, 63, 0, 0, 0, 96, 42, 0]
[]
[]
[176, 17, 35, 0, 0, 0, 35, 0, 0]
[18, 27, 18, 0, 0, 0, 18, 0, 18]
[11, 32, 38, 0, 0, 0, 8, 0, 0]
[11, 11, 11, 0, 0, 0, 11, 0, 0]
[]
[]
[59, 2, 17, 0, 0, 0, 0, 0, 0]
[]
[]
[]
[]
[]
[10, 49, 7, 0, 0, 0, 0, 0, 0]
[]
[]
[11, 11, 11, 0, 0, 0, 0, 11, 0]
[]
[]
[13, 52, 31, 0, 0, 0, 0, 0, 0]
[]
[]
[]
[13, 13, 13, 0, 0, 0, 13, 13, 13]
[3, 0, 0, 0, 0, 0, 57, 84, 0]
[]
[12, 3, 18, 0, 0, 0, 27, 0, 18]
[11, 5, 11, 0, 0, 0, 11, 0, 0]
[11, 11, 11, 0, 0, 0, 11, 0, 0]
[]
[11, 11, 11, 0, 0, 0, 11, 0, 0]
[]
[30, 0, 3, 0, 0, 0, 0, 3, 9]
[11, 8, 8, 0, 0, 0, 0, 8, 0]
[11, 11, 11, 0, 0, 0, 0, 11, 0]
[5, 0, 8, 0, 0, 0, 0, 0, 2]
[]
[49, 4, 22, 0, 0, 0, 0, 0, 0]
[11, 11, 11, 0, 0, 0, 0, 0, 11]
[10, 64, 0, 0, 0, 0, 0, 0, 0]
[]
[]
[11, 11, 11, 0, 0, 0, 0, 11, 0]
[]
[11, 11, 11, 0, 0, 0, 0, 0, 11]
[19, 19, 40, 0, 0, 0, 0, 0, 0]
[]
[]
[]
[]
[]
[]
[]
[]
[]
[]
[]
[]
[]
[]
[]
[]
[]
[]
[]
[]
[]
[]
[]
[]
[]
[]
[]
[]
[]
[]
[]
[]
[]
[]
[]
[]
[]
[]
[]
[]
[]
[]
[]
[]
[]
[]
[]
[]
[]
[]
[]
[]
[]
[]
[]
[]
[]
[]
[]
[13, 13, 13, 0, 13, 0, 13, 13, 0]
[]
[13, 13, 13, 0, 13, 0, 13, 0, 13]
[9, 12, 12, 0, 12, 0, 18, 0, 0]
[]
[]
[]
[]
[]
[15, 9, 12, 0, 12, 0, 0, 18, 0]
[]
[]
[]
[11, 11, 11, 0, 11, 0, 0, 0, 0]
[]
[11, 11, 11, 0, 11, 0, 0, 0, 0]
[]
[]
[]
[]
[]
[]
[]
[]
[]
[]
[]
[]
[]
[]
[]
[]
[]
[]
[]
[]
[]
[]
[]
[]
[]
[]
[]
[]
[]
[]
[]
[]
[]
[]
[]
[]
[]
[]
[]
[]
[]
[]
[]
[]
[]
[]
[]
[]
[]
[]
[]
[]
[]
[]
[]
[]
[]
[]
[]
[]
[]
[]
[]
[]
[13, 13, 13, 0, 0, 0, 13, 13, 13]
[6, 9, 9, 0, 0, 0, 6, 3, 0]
[]
[12, 12, 12, 0, 0, 0, 9, 0, 12]
[11, 11, 8, 0, 0, 0, 8, 0, 0]
[11, 11, 11, 0, 0, 0, 11, 0, 0]
[]
[11, 11, 11, 0, 0, 0, 11, 0, 0]
[]
[]
[11, 11, 11, 0, 0, 0, 0, 11, 0]
[11, 11, 11, 0, 0, 0, 0, 11, 0]
[]
[]
[4, 7, 37, 0, 0, 0, 0, 0, 0]
[]
[10, 7, 10, 0, 0, 0, 0, 0, 0]
[]
[]
[]
[]
[]
[]
[]
[]
[]
[]
[]
[]
[]
[]
[]
[]
[]
[]
[]
[]
[]
[]
[]
[]
[]
[]
[]
[]
[]
[]
[]
[]
[]
[]
[]
[]
[]
[]
[]
[]
[]
[]
[]
[]
[]
[]
[]
[]
[]
[]
[]
[]
[]
[]
[]
[]
[]
[]
[]
[]
[]
[]
[]
[]
[]
[]
[]
[]
[]
[]
[]
[]
[]
[]
[]
[]
[]
[]
[]
[]
[]
[]
[]
[]
[]
[]
[]
[]
[]
[]
[]
[]
[]
[]
[]
[]
[]
[]
[]
[]
[]
[]
[16, 7, 0, 13, 13, 10, 0, 10, 0]
[]
[]
[]
[10, 13, 0, 7, 10, 13, 0, 0, 13]
[]
[30, 15, 0, 6, 12, 9, 0, 0, 0]
[285, 1, 0, 0, 1, 0, 0, 0, 13]
[0, 0, 0, 0, 0, 1, 0, 0, 0]
[13, 13, 0, 13, 13, 13, 0, 13, 0]
[301, 4, 0, 46, 46, 1, 0, 0, 22]
[]
[437, 1, 0, 1, 1, 1, 0, 0, 0]
[13, 13, 0, 13, 13, 13, 0, 0, 13]
[3, 0, 0, 0, 0, 0, 0, 0, 0]
[]
[]
[]
[]
[]
[]
[]
[]
[]
[]
[]
[]
[]
[]
[]
[]
[]
[]
[11, 11, 0, 5, 14, 0, 0, 0, 0]
[11, 0, 0, 2, 0, 0, 0, 0, 426]
[]
[117, 75, 0, 36, 27, 0, 0, 48, 0]
[]
[]
[86, 11, 0, 47, 47, 0, 0, 0, 0]
[9, 6, 0, 12, 15, 0, 0, 0, 27]
[]
[]
[]
[]
[]
[]
[]
[]
[]
[]
[]
[]
[]
[]
[]
[]
[]
[12, 12, 0, 15, 12, 0, 0, 0, 12]
[11, 11, 0, 11, 11, 0, 0, 0, 0]
[11, 11, 0, 11, 11, 0, 0, 0, 0]
[13, 13, 0, 13, 13, 0, 0, 13, 13]
[15, 15, 0, 18, 21, 0, 0, 12, 0]
[]
[12, 12, 0, 9, 15, 0, 0, 0, 9]
[26, 11, 0, 44, 35, 0, 0, 0, 0]
[11, 11, 0, 11, 11, 0, 0, 0, 0]
[]
[11, 11, 0, 11, 11, 0, 0, 0, 0]
[]
[]
[]
[]
[]
[]
[]
[]
[]
[]
[]
[]
[]
[]
[]
[]
[]
[]
[]
[100, 1, 0, 22, 0, 1, 0, 7, 187]
[]
[39, 78, 0, 69, 0, 12, 0, 120, 0]
[]
[]
[0, 5, 0, 0, 0, 0, 0, 0, 0]
[15, 12, 0, 18, 0, 24, 0, 0, 18]
[0, 2, 0, 5, 0, 8, 0, 0, 0]
[]
[]
[]
[]
[]
[]
[]
[]
[]
[]
[]
[]
[]
[]
[]
[]
[]
[]
[]
[]
[]
[8, 5, 0, 71, 0, 0, 0, 191, 0]
[]
[]
[]
[5, 8, 0, 5, 0, 0, 0, 0, 35]
[]
[]
[]
[]
[]
[]
[]
[]
[]
[]
[]
[]
[]
[]
[]
[]
[]
[]
[]
[]
[15, 12, 0, 3, 0, 0, 0, 6, 21]
[137, 0, 0, 0, 0, 0, 0, 2, 0]
[11, 11, 0, 11, 0, 0, 0, 11, 0]
[14, 11, 0, 2, 0, 0, 0, 0, 5]
[]
[4, 10, 0, 1, 0, 0, 0, 0, 0]
[11, 11, 0, 11, 0, 0, 0, 0, 11]
[16, 10, 0, 4, 0, 0, 0, 0, 0]
[]
[]
[]
[]
[]
[]
[]
[]
[]
[]
[4, 10, 0, 10, 0, 1, 0, 4, 1]
[]
[27, 39, 0, 18, 0, 36, 0, 33, 0]
[]
[]
[35, 32, 0, 32, 0, 35, 0, 0, 0]
[36, 51, 0, 12, 0, 27, 0, 0, 21]
[0, 14, 0, 5, 0, 11, 0, 0, 0]
[11, 11, 0, 11, 0, 11, 0, 0, 0]
[13, 13, 0, 13, 0, 13, 0, 13, 13]
[0, 0, 0, 0, 0, 42, 0, 0, 0]
[]
[48, 12, 0, 51, 0, 36, 0, 0, 36]
[0, 0, 0, 17, 0, 50, 0, 0, 0]
[11, 11, 0, 11, 0, 11, 0, 0, 0]
[]
[11, 11, 0, 11, 0, 11, 0, 0, 0]
[]
[]
[]
[]
[]
[]
[]
[]
[]
[]
[]
[]
[]
[]
[]
[]
[8, 35, 0, 2, 0, 0, 0, 0, 41]
[]
[55, 37, 0, 16, 0, 0, 0, 0, 0]
[15, 6, 0, 6, 0, 0, 0, 57, 24]
[]
[11, 11, 0, 11, 0, 0, 0, 11, 0]
[11, 5, 0, 0, 0, 0, 0, 0, 47]
[]
[46, 31, 0, 13, 0, 0, 0, 0, 0]
[11, 11, 0, 11, 0, 0, 0, 0, 11]
[]
[]
[]
[]
[]
[]
[]
[]
[]
[]
[]
[]
[]
[]
[]
[]
[]
[11, 11, 0, 11, 0, 0, 0, 0, 11]
[19, 10, 0, 19, 0, 0, 0, 0, 0]
[]
[]
[11, 11, 0, 11, 0, 0, 0, 11, 0]
[]
[11, 11, 0, 11, 0, 0, 0, 0, 11]
[16, 19, 0, 31, 0, 0, 0, 0, 0]
[]
[]
[]
[]
[]
[]
[13, 25, 0, 0, 16, 10, 25, 10, 0]
[]
[]
[]
[13, 10, 0, 0, 13, 10, 13, 0, 28]
[]
[21, 18, 0, 0, 18, 15, 15, 0, 0]
[]
[]
[]
[]
[]
[]
[]
[]
[11, 8, 0, 0, 11, 5, 0, 0, 0]
[]
[]
[48, 39, 0, 0, 63, 42, 0, 33, 0]
[]
[]
[26, 8, 0, 0, 38, 5, 0, 0, 0]
[12, 12, 0, 0, 18, 36, 0, 0, 33]
[8, 5, 0, 0, 2, 8, 0, 0, 0]
[]
[]
[]
[]
[]
[]
[]
[]
[]
[11, 11, 0, 0, 23, 0, 23, 0, 0]
[]
[]
[]
[]
[]
[]
[]
[]
[]
[]
[]
[14, 11, 0, 0, 71, 0, 0, 125, 0]
[]
[]
[]
[0, 8, 0, 0, 8, 0, 0, 0, 50]
[]
[]
[]
[]
[30, 6, 0, 0, 18, 0, 30, 15, 0]
[]
[]
[11, 8, 0, 0, 5, 0, 5, 0, 0]
[12, 15, 0, 0, 12, 0, 12, 0, 12]
[11, 11, 0, 0, 11, 0, 11, 0, 0]
[11, 11, 0, 0, 11, 0, 11, 0, 0]
[]
[]
[14, 5, 0, 0, 11, 0, 0, 11, 0]
[]
[]
[]
[11, 8, 0, 0, 8, 0, 0, 0, 8]
[]
[19, 4, 0, 0, 4, 0, 0, 0, 0]
[18, 12, 0, 0, 12, 0, 0, 12, 12]
[11, 0, 0, 0, 0, 0, 0, 0, 0]
[11, 11, 0, 0, 11, 0, 0, 11, 0]
[11, 11, 0, 0, 11, 0, 0, 0, 5]
[]
[16, 10, 0, 0, 13, 0, 0, 0, 0]
[11, 11, 0, 0, 11, 0, 0, 0, 11]
[10, 19, 0, 0, 10, 0, 0, 0, 0]
[]
[]
[]
[]
[]
[]
[]
[]
[]
[8, 8, 0, 0, 0, 8, 14, 0, 0]
[]
[]
[]
[]
[]
[]
[]
[]
[]
[]
[]
[0, 8, 0, 0, 0, 80, 0, 113, 0]
[]
[]
[]
[5, 2, 0, 0, 0, 23, 0, 0, 23]
[]
[]
[]
[]
[]
[]
[]
[]
[]
[]
[]
[]
[]
[]
[]
[]
[]
[]
[]
[]
[]
[]
[]
[]
[]
[]
[]
[]
[]
[]
[]
[0, 0, 0, 0, 0, 0, 29, 0, 0]
[]
[]
[]
[11, 11, 0, 0, 0, 0, 11, 0, 14]
[]
[10, 10, 0, 0, 0, 0, 13, 0, 0]
[]
[]
[]
[]
[]
[]
[]
[]
[]
[8, 8, 0, 0, 0, 0, 0, 41, 35]
[]
[16, 13, 0, 0, 0, 0, 0, 22, 0]
[]
[]
[0, 9, 0, 0, 0, 0, 0, 0, 0]
[10, 10, 0, 0, 0, 0, 0, 0, 13]
[9, 0, 0, 0, 0, 0, 0, 0, 0]
[]
[]
[]
[66, 39, 0, 0, 0, 9, 78, 75, 0]
[]
[]
[41, 62, 0, 0, 0, 5, 11, 0, 0]
[21, 30, 0, 0, 0, 15, 24, 0, 12]
[11, 26, 0, 0, 0, 11, 5, 0, 0]
[11, 11, 0, 0, 0, 11, 11, 0, 0]
[]
[]
[26, 5, 0, 0, 0, 5, 0, 11, 0]
[]
[]
[]
[11, 14, 0, 0, 0, 14, 0, 0, 5]
[]
[40, 34, 0, 0, 0, 13, 0, 0, 0]
[]
[2, 0, 0, 0, 0, 8, 0, 0, 0]
[11, 11, 0, 0, 0, 11, 0, 11, 0]
[14, 8, 0, 0, 0, 8, 0, 0, 26]
[]
[58, 10, 0, 0, 0, 16, 0, 0, 0]
[11, 11, 0, 0, 0, 11, 0, 0, 11]
[7, 43, 0, 0, 0, 13, 0, 0, 0]
[]
[]
[]
[74, 56, 0, 0, 0, 0, 17, 62, 0]
[]
[]
[]
[23, 41, 0, 0, 0, 0, 41, 0, 32]
[]
[25, 37, 0, 0, 0, 0, 19, 0, 0]
[]
[]
[]
[]
[]
[]
[]
[]
[39, 30, 0, 0, 0, 0, 0, 0, 0]
[8, 5, 0, 0, 0, 0, 0, 11, 53]
[]
[58, 37, 0, 0, 0, 0, 0, 58, 0]
[]
[]
[126, 9, 0, 0, 0, 0, 0, 0, 0]
[13, 37, 0, 0, 0, 0, 0, 0, 31]
[]
[]
[]
[8, 11, 0, 0, 0, 0, 11, 14, 0]
[11, 11, 0, 0, 0, 0, 11, 11, 0]
[14, 2, 0, 0, 0, 0, 8, 0, 0]
[]
[37, 13, 0, 0, 0, 0, 37, 0, 0]
[11, 11, 0, 0, 0, 0, 11, 0, 11]
[16, 25, 0, 0, 0, 0, 10, 0, 0]
[]
[17, 0, 0, 0, 0, 0, 0, 8, 2]
[]
[55, 4, 0, 0, 0, 0, 0, 4, 0]
[]
[]
[57, 9, 0, 0, 0, 0, 0, 0, 0]
[25, 16, 0, 0, 0, 0, 0, 0, 7]
[9, 15, 0, 0, 0, 0, 0, 0, 0]
[9, 9, 0, 0, 0, 0, 0, 0, 0]
[11, 11, 0, 0, 0, 0, 0, 11, 11]
[10, 31, 0, 0, 0, 0, 0, 22, 0]
[]
[16, 10, 0, 0, 0, 0, 0, 0, 25]
[9, 9, 0, 0, 0, 0, 0, 0, 0]
[9, 9, 0, 0, 0, 0, 0, 0, 0]
[]
[9, 9, 0, 0, 0, 0, 0, 0, 0]
[]
[]
[13, 10, 0, 0, 16, 13, 10, 16, 0]
[13, 13, 0, 0, 13, 13, 13, 13, 0]
[]
[]
[12, 15, 0, 0, 24, 6, 15, 0, 0]
[13, 13, 0, 0, 13, 13, 13, 0, 13]
[9, 12, 0, 0, 9, 12, 9, 0, 0]
[]
[]
[]
[12, 12, 0, 0, 30, 12, 0, 9, 0]
[]
[]
[8, 11, 0, 0, 11, 11, 0, 0, 0]
[12, 12, 0, 0, 15, 12, 0, 0, 12]
[11, 11, 0, 0, 11, 14, 0, 0, 0]
[11, 11, 0, 0, 11, 11, 0, 0, 0]
[]
[21, 12, 0, 0, 21, 9, 0, 0, 0]
[]
[]
[20, 2, 0, 0, 11, 38, 0, 0, 0]
[11, 11, 0, 0, 11, 11, 0, 0, 0]
[]
[11, 11, 0, 0, 11, 11, 0, 0, 0]
[]
[]
[]
[36, 18, 0, 0, 18, 0, 12, 27, 0]
[]
[]
[14, 11, 0, 0, 11, 0, 11, 0, 0]
[15, 12, 0, 0, 12, 0, 9, 0, 12]
[]
[11, 11, 0, 0, 11, 0, 11, 0, 0]
[]
[]
[5, 11, 0, 0, 11, 0, 0, 5, 0]
[]
[]
[]
[11, 11, 0, 0, 11, 0, 0, 0, 5]
[]
[7, 7, 0, 0, 16, 0, 0, 0, 0]
[39, 9, 0, 0, 6, 0, 0, 6, 12]
[]
[11, 11, 0, 0, 11, 0, 0, 11, 0]
[35, 8, 0, 0, 2, 0, 0, 0, 20]
[]
[13, 22, 0, 0, 10, 0, 0, 0, 0]
[11, 11, 0, 0, 11, 0, 0, 0, 11]
[]
[]
[]
[12, 12, 0, 0, 12, 0, 15, 12, 0]
[]
[21, 15, 0, 0, 12, 0, 9, 0, 12]
[11, 11, 0, 0, 14, 0, 8, 0, 0]
[11, 11, 0, 0, 11, 0, 11, 0, 0]
[]
[11, 11, 0, 0, 11, 0, 11, 0, 0]
[]
[9, 12, 0, 0, 12, 0, 0, 9, 9]
[11, 11, 0, 0, 11, 0, 0, 11, 0]
[11, 11, 0, 0, 11, 0, 0, 11, 0]
[11, 11, 0, 0, 11, 0, 0, 0, 11]
[]
[4, 10, 0, 0, 10, 0, 0, 0, 0]
[11, 11, 0, 0, 11, 0, 0, 0, 11]
[7, 10, 0, 0, 10, 0, 0, 0, 0]
[]
[]
[11, 11, 0, 0, 11, 0, 0, 11, 0]
[]
[11, 11, 0, 0, 11, 0, 0, 0, 11]
[19, 10, 0, 0, 10, 0, 0, 0, 0]
[]
[]
[]
[]
[]
[]
[9, 6, 0, 0, 0, 9, 18, 9, 0]
[]
[]
[5, 11, 0, 0, 0, 5, 11, 0, 0]
[6, 12, 0, 0, 0, 12, 12, 0, 15]
[11, 11, 0, 0, 0, 8, 11, 0, 0]
[11, 11, 0, 0, 0, 11, 11, 0, 0]
[]
[]
[]
[]
[]
[]
[]
[]
[]
[]
[14, 2, 0, 0, 0, 14, 0, 11, 0]
[11, 11, 0, 0, 0, 11, 0, 11, 0]
[]
[]
[25, 16, 0, 0, 0, 1, 0, 0, 0]
[11, 11, 0, 0, 0, 11, 0, 0, 11]
[28, 10, 0, 0, 0, 7, 0, 0, 0]
[]
[]
[]
[2, 5, 0, 0, 0, 0, 71, 5, 0]
[]
[]
[]
[11, 8, 0, 0, 0, 0, 11, 0, 5]
[]
[7, 7, 0, 0, 0, 0, 10, 0, 0]
[]
[]
[]
[]
[]
[]
[]
[]
[]
[35, 0, 0, 0, 0, 0, 0, 8, 47]
[]
[34, 25, 0, 0, 0, 0, 0, 19, 0]
[]
[]
[114, 9, 0, 0, 0, 0, 0, 0, 0]
[16, 4, 0, 0, 0, 0, 0, 0, 13]
[]
[]
[]
[11, 8, 0, 0, 0, 0, 11, 11, 0]
[11, 11, 0, 0, 0, 0, 11, 11, 0]
[5, 8, 0, 0, 0, 0, 5, 0, 8]
[]
[4, 10, 0, 0, 0, 0, 10, 0, 0]
[11, 11, 0, 0, 0, 0, 11, 0, 11]
[10, 7, 0, 0, 0, 0, 10, 0, 0]
[]
[]
[]
[]
[]
[]
[]
[]
[]
[]
[11, 11, 0, 0, 0, 0, 0, 11, 11]
[10, 7, 0, 0, 0, 0, 0, 4, 0]
[]
[13, 10, 0, 0, 0, 0, 0, 0, 10]
[18, 0, 0, 0, 0, 0, 0, 0, 0]
[9, 9, 0, 0, 0, 0, 0, 0, 0]
[]
[9, 9, 0, 0, 0, 0, 0, 0, 0]
[]
[]
[6, 6, 0, 0, 0, 42, 3, 24, 0]
[]
[]
[2, 8, 0, 0, 0, 38, 29, 0, 0]
[11, 11, 0, 0, 0, 11, 11, 0, 0]
[]
[11, 11, 0, 0, 0, 11, 11, 0, 0]
[]
[]
[8, 11, 0, 0, 0, 14, 0, 11, 0]
[11, 11, 0, 0, 0, 11, 0, 11, 0]
[]
[]
[52, 22, 0, 0, 0, 19, 0, 0, 0]
[11, 11, 0, 0, 0, 11, 0, 0, 11]
[4, 43, 0, 0, 0, 19, 0, 0, 0]
[]
[]
[11, 11, 0, 0, 0, 11, 0, 11, 0]
[]
[]
[43, 7, 0, 0, 0, 25, 0, 0, 0]
[]
[]
[]
[]
[]
[]
[11, 11, 0, 0, 0, 0, 11, 11, 0]
[0, 0, 0, 0, 0, 0, 0, 0, 20]
[]
[37, 19, 0, 0, 0, 0, 13, 0, 0]
[11, 11, 0, 0, 0, 0, 11, 0, 11]
[]
[]
[]
[]
[25, 28, 0, 0, 0, 0, 0, 37, 0]
[]
[]
[45, 9, 0, 0, 0, 0, 0, 0, 0]
[4, 46, 0, 0, 0, 0, 0, 0, 13]
[]
[9, 9, 0, 0, 0, 0, 0, 0, 0]
[11, 11, 0, 0, 0, 0, 0, 11, 11]
[]
[]
[37, 7, 0, 0, 0, 0, 0, 0, 16]
[]
[9, 9, 0, 0, 0, 0, 0, 0, 0]
[]
[]
[]
[]
[]
[]
[]
[]
[]
[]
[]
[]
[]
[]
[]
[]
[]
[]
[]
[]
[]
[]
[]
[]
[]
[]
[]
[]
[]
[]
[]
[]
[]
[]
[]
[]
[]
[]
[]
[]
[]
[]
[]
[]
[]
[]
[]
[]
[]
[13, 13, 0, 13, 13, 13, 0, 13, 0]
[]
[13, 13, 0, 13, 13, 13, 0, 0, 13]
[21, 27, 0, 21, 63, 12, 0, 0, 0]
[]
[]
[]
[]
[]
[]
[]
[]
[]
[]
[]
[]
[]
[]
[]
[]
[]
[]
[]
[]
[]
[]
[]
[]
[]
[21, 18, 0, 21, 27, 0, 0, 0, 18]
[11, 11, 0, 14, 11, 0, 0, 0, 0]
[11, 11, 0, 11, 11, 0, 0, 0, 0]
[]
[11, 11, 0, 11, 11, 0, 0, 0, 0]
[]
[]
[]
[]
[]
[]
[]
[]
[]
[]
[]
[]
[]
[]
[]
[]
[]
[]
[]
[]
[]
[]
[]
[]
[]
[]
[]
[]
[]
[]
[]
[]
[]
[]
[]
[]
[]
[]
[]
[]
[]
[]
[]
[]
[]
[]
[13, 13, 0, 13, 0, 13, 0, 13, 13]
[24, 18, 0, 3, 0, 12, 0, 9, 0]
[]
[15, 21, 0, 3, 0, 24, 0, 0, 3]
[8, 14, 0, 5, 0, 8, 0, 0, 0]
[11, 11, 0, 11, 0, 11, 0, 0, 0]
[]
[11, 11, 0, 11, 0, 11, 0, 0, 0]
[]
[]
[]
[]
[]
[]
[]
[]
[]
[]
[]
[]
[]
[]
[]
[]
[]
[]
[]
[]
[]
[]
[11, 5, 0, 8, 0, 0, 0, 0, 8]
[]
[1, 7, 0, 4, 0, 0, 0, 0, 0]
[11, 11, 0, 11, 0, 0, 0, 0, 11]
[1, 1, 0, 10, 0, 0, 0, 0, 0]
[]
[]
[]
[]
[]
[]
[]
[]
[]
[]
[]
[]
[]
[]
[]
[]
[]
[]
[]
[]
[]
[]
[]
[]
[]
[]
[]
[]
[]
[]
[]
[]
[]
[]
[]
[]
[]
[]
[]
[]
[]
[]
[]
[]
[]
[]
[]
[]
[]
[]
[]
[]
[]
[]
[]
[]
[]
[]
[]
[]
[]
[]
[]
[]
[]
[]
[]
[]
[]
[]
[]
[]
[]
[]
[]
[]
[]
[]
[]
[]
[]
[]
[]
[]
[]
[]
[]
[]
[]
[]
[]
[]
[]
[]
[]
[]
[]
[]
[]
[]
[]
[]
[]
[]
[]
[]
[]
[]
[]
[]
[]
[13, 13, 0, 0, 13, 13, 13, 13, 0]
[34, 13, 0, 0, 28, 16, 19, 0, 25]
[]
[27, 24, 0, 0, 42, 51, 9, 0, 0]
[13, 13, 0, 0, 13, 13, 13, 0, 13]
[18, 12, 0, 0, 15, 9, 9, 0, 0]
[]
[]
[]
[45, 27, 0, 0, 27, 93, 0, 9, 0]
[]
[]
[113, 65, 0, 0, 14, 47, 0, 0, 0]
[15, 6, 0, 0, 9, 15, 0, 0, 12]
[95, 38, 0, 0, 20, 5, 0, 0, 0]
[11, 11, 0, 0, 11, 11, 0, 0, 0]
[]
[27, 27, 0, 0, 12, 54, 0, 6, 0]
[]
[12, 21, 0, 0, 18, 15, 0, 0, 30]
[11, 14, 0, 0, 14, 11, 0, 0, 0]
[11, 11, 0, 0, 11, 11, 0, 0, 0]
[]
[11, 11, 0, 0, 11, 11, 0, 0, 0]
[]
[]
[]
[12, 15, 0, 0, 21, 0, 9, 6, 0]
[]
[]
[5, 5, 0, 0, 11, 0, 14, 0, 0]
[15, 12, 0, 0, 15, 0, 18, 0, 12]
[11, 17, 0, 0, 11, 0, 14, 0, 0]
[11, 11, 0, 0, 11, 0, 11, 0, 0]
[]
[]
[14, 14, 0, 0, 14, 0, 0, 5, 0]
[]
[]
[]
[14, 14, 0, 0, 8, 0, 0, 0, 8]
[]
[13, 1, 0, 0, 7, 0, 0, 0, 0]
[15, 12, 0, 0, 27, 0, 0, 15, 12]
[14, 8, 0, 0, 20, 0, 0, 14, 0]
[11, 11, 0, 0, 11, 0, 0, 11, 0]
[5, 14, 0, 0, 17, 0, 0, 0, 8]
[]
[10, 4, 0, 0, 22, 0, 0, 0, 0]
[11, 11, 0, 0, 11, 0, 0, 0, 11]
[4, 7, 0, 0, 10, 0, 0, 0, 0]
[]
[]
[]
[]
[15, 36, 0, 0, 24, 0, 15, 0, 54]
[8, 11, 0, 0, 17, 0, 11, 0, 0]
[]
[]
[11, 11, 0, 0, 11, 0, 11, 0, 0]
[]
[]
[11, 11, 0, 0, 11, 0, 0, 8, 0]
[]
[14, 5, 0, 0, 11, 0, 0, 0, 14]
[]
[]
[11, 11, 0, 0, 11, 0, 0, 0, 11]
[10, 7, 0, 0, 7, 0, 0, 0, 0]
[]
[]
[11, 11, 0, 0, 11, 0, 0, 11, 0]
[]
[11, 11, 0, 0, 11, 0, 0, 0, 11]
[22, 34, 0, 0, 19, 0, 0, 0, 0]
[]
[]
[]
[]
[]
[]
[12, 3, 0, 0, 0, 57, 9, 27, 0]
[]
[]
[5, 11, 0, 0, 0, 44, 5, 0, 0]
[12, 3, 0, 0, 0, 18, 9, 0, 12]
[14, 11, 0, 0, 0, 8, 8, 0, 0]
[11, 11, 0, 0, 0, 11, 11, 0, 0]
[]
[]
[5, 8, 0, 0, 0, 176, 0, 2, 0]
[]
[]
[]
[17, 8, 0, 0, 0, 5, 0, 0, 14]
[]
[1, 1, 0, 0, 0, 28, 0, 0, 0]
[]
[5, 11, 0, 0, 0, 2, 0, 5, 0]
[11, 11, 0, 0, 0, 11, 0, 11, 0]
[11, 11, 0, 0, 0, 14, 0, 0, 17]
[]
[7, 13, 0, 0, 0, 25, 0, 0, 0]
[11, 11, 0, 0, 0, 11, 0, 0, 11]
[7, 7, 0, 0, 0, 7, 0, 0, 0]
[]
[]
[]
[]
[]
[]
[]
[]
[]
[]
[]
[]
[]
[]
[]
[]
[]
[]
[]
[]
[]
[]
[]
[]
[]
[]
[]
[]
[]
[]
[]
[8, 35, 0, 0, 0, 0, 5, 0, 47]
[]
[]
[11, 11, 0, 0, 0, 0, 11, 0, 11]
[10, 13, 0, 0, 0, 0, 4, 0, 0]
[]
[]
[]
[]
[]
[]
[]
[25, 10, 0, 0, 0, 0, 0, 0, 10]
[9, 0, 0, 0, 0, 0, 0, 0, 0]
[]
[11, 11, 0, 0, 0, 0, 0, 11, 11]
[28, 1, 0, 0, 0, 0, 0, 7, 0]
[]
[10, 19, 0, 0, 0, 0, 0, 0, 31]
[0, 9, 0, 0, 0, 0, 0, 0, 0]
[]
[]
[9, 9, 0, 0, 0, 0, 0, 0, 0]
[]
[]
[]
[]
[21, 27, 0, 0, 0, 24, 30, 0, 45]
[17, 11, 0, 0, 0, 14, 35, 0, 0]
[11, 11, 0, 0, 0, 11, 11, 0, 0]
[]
[11, 11, 0, 0, 0, 11, 11, 0, 0]
[]
[]
[2, 8, 0, 0, 0, 0, 0, 0, 0]
[11, 11, 0, 0, 0, 11, 0, 11, 0]
[11, 11, 0, 0, 0, 11, 0, 0, 8]
[]
[46, 1, 0, 0, 0, 58, 0, 0, 0]
[11, 11, 0, 0, 0, 11, 0, 0, 11]
[25, 31, 0, 0, 0, 1, 0, 0, 0]
[]
[]
[]
[]
[]
[]
[]
[]
[]
[]
[]
[]
[11, 11, 0, 0, 0, 0, 11, 11, 0]
[68, 20, 0, 0, 0, 0, 74, 0, 20]
[]
[25, 64, 0, 0, 0, 0, 31, 0, 0]
[11, 11, 0, 0, 0, 0, 11, 0, 11]
[10, 28, 0, 0, 0, 0, 28, 0, 0]
[]
[]
[]
[94, 1, 0, 0, 0, 0, 0, 4, 0]
[]
[]
[138, 3, 0, 0, 0, 0, 0, 0, 0]
[13, 34, 0, 0, 0, 0, 0, 0, 10]
[9, 69, 0, 0, 0, 0, 0, 0, 0]
[9, 9, 0, 0, 0, 0, 0, 0, 0]
[]
[]
[]
[]
[]
[]
[]
[]
[]
[]
[]
[]
[11, 11, 0, 0, 0, 0, 11, 0, 11]
[16, 16, 0, 0, 0, 0, 25, 0, 0]
[]
[]
[]
[]
[]
[1, 0, 0, 0, 0, 0, 0, 0, 0]
[]
[1, 7, 0, 0, 0, 0, 0, 0, 76]
[]
[]
[]
[9, 9, 0, 0, 0, 0, 0, 0, 0]
[]
[]
[]
[]
[]
[]
[]
[]
[]
[]
[]
[]
[]
[]
[3, 15, 0, 0, 15, 9, 12, 0, 0]
[]
[]
[]
[]
[]
[6, 18, 0, 0, 6, 0, 0, 9, 0]
[]
[]
[]
[11, 11, 0, 0, 11, 11, 0, 0, 0]
[]
[11, 11, 0, 0, 11, 11, 0, 0, 0]
[]
[]
[]
[]
[]
[11, 11, 0, 0, 11, 11, 0, 0, 0]
[]
[]
[]
[]
[]
[]
[]
[12, 15, 0, 0, 12, 0, 15, 0, 12]
[14, 11, 0, 0, 11, 0, 14, 0, 0]
[11, 11, 0, 0, 11, 0, 11, 0, 0]
[]
[11, 11, 0, 0, 11, 0, 11, 0, 0]
[]
[]
[8, 0, 0, 0, 5, 0, 0, 11, 0]
[11, 11, 0, 0, 11, 0, 0, 11, 0]
[0, 2, 0, 0, 11, 0, 0, 0, 8]
[]
[25, 13, 0, 0, 16, 0, 0, 0, 0]
[11, 11, 0, 0, 11, 0, 0, 0, 11]
[13, 13, 0, 0, 10, 0, 0, 0, 0]
[]
[]
[11, 11, 0, 0, 11, 0, 0, 11, 0]
[]
[11, 11, 0, 0, 11, 0, 0, 0, 11]
[22, 10, 0, 0, 22, 0, 0, 0, 0]
[]
[]
[]
[]
[]
[]
[]
[]
[11, 11, 0, 0, 11, 0, 11, 0, 0]
[]
[]
[]
[]
[]
[11, 11, 0, 0, 11, 0, 0, 11, 0]
[]
[11, 11, 0, 0, 11, 0, 0, 0, 11]
[]
[]
[]
[]
[]
[]
[]
[]
[]
[]
[]
[]
[]
[]
[]
[]
[]
[]
[11, 11, 0, 0, 0, 11, 5, 0, 0]
[11, 11, 0, 0, 0, 11, 11, 0, 0]
[]
[11, 11, 0, 0, 0, 11, 11, 0, 0]
[]
[]
[8, 2, 0, 0, 0, 2, 0, 2, 0]
[11, 11, 0, 0, 0, 11, 0, 11, 0]
[]
[]
[7, 58, 0, 0, 0, 22, 0, 0, 0]
[11, 11, 0, 0, 0, 11, 0, 0, 11]
[10, 1, 0, 0, 0, 4, 0, 0, 0]
[]
[]
[11, 11, 0, 0, 0, 11, 0, 11, 0]
[]
[]
[19, 19, 0, 0, 0, 7, 0, 0, 0]
[]
[]
[]
[]
[]
[]
[11, 11, 0, 0, 0, 0, 11, 11, 0]
[23, 29, 0, 0, 0, 0, 20, 0, 5]
[]
[4, 13, 0, 0, 0, 0, 4, 0, 0]
[11, 11, 0, 0, 0, 0, 11, 0, 11]
[13, 10, 0, 0, 0, 0, 4, 0, 0]
[]
[]
[]
[28, 28, 0, 0, 0, 0, 0, 10, 0]
[]
[]
[0, 9, 0, 0, 0, 0, 0, 0, 0]
[16, 16, 0, 0, 0, 0, 0, 0, 10]
[9, 0, 0, 0, 0, 0, 0, 0, 0]
[9, 9, 0, 0, 0, 0, 0, 0, 0]
[]
[19, 10, 0, 0, 0, 0, 0, 13, 0]
[]
[25, 16, 0, 0, 0, 0, 0, 0, 7]
[42, 3, 0, 0, 0, 0, 0, 0, 0]
[9, 9, 0, 0, 0, 0, 0, 0, 0]
[]
[9, 9, 0, 0, 0, 0, 0, 0, 0]
[]
[]
[]
[]
[11, 11, 0, 0, 0, 0, 11, 0, 11]
[4, 4, 0, 0, 0, 0, 4, 0, 0]
[]
[]
[]
[]
[]
[10, 7, 0, 0, 0, 0, 0, 4, 0]
[]
[4, 7, 0, 0, 0, 0, 0, 0, 19]
[]
[]
[]
[9, 9, 0, 0, 0, 0, 0, 0, 0]
[]
[]
[]
[]
[]
[9, 9, 0, 0, 0, 0, 0, 0, 0]
[]
[]
[]
[]
[]
[]
[]
[]
[11, 11, 0, 0, 0, 11, 11, 0, 0]
[]
[]
[]
[]
[]
[11, 11, 0, 0, 0, 11, 0, 11, 0]
[]
[]
[]
[]
[]
[]
[]
[]
[]
[]
[]
[]
[]
[]
[]
[]
[]
[]
[]
[11, 11, 0, 0, 0, 0, 11, 0, 11]
[19, 13, 0, 0, 0, 0, 61, 0, 0]
[]
[]
[]
[]
[]
[1, 0, 0, 0, 0, 0, 0, 31, 0]
[]
[4, 1, 0, 0, 0, 0, 0, 0, 19]
[]
[9, 9, 0, 0, 0, 0, 0, 0, 0]
[]
[9, 9, 0, 0, 0, 0, 0, 0, 0]
[]
[]
[]
[]
[]
[]
[]
[]
[]
[]
[]
[]
[]
[]
[]
[]
[]
[]
[]
[]
[]
[]
[]
[]
[]
[]
[]
[]
[]
[]
[]
[]
[]
[]
[]
[]
[]
[]
[]
[]
[]
[]
[]
[]
[]
[]
[]
[]
[]
[]
[]
[]
[]
[]
[]
[]
[]
[]
[]
[]
[]
[]
[]
[]
[]
[]
[]
[]
[]
[]
[]
[]
[]
[]
[]
[]
[]
[]
[]
[]
[]
[]
[]
[]
[]
[]
[]
[]
[]
[]
[]
[]
[]
[]
[]
[]
[]
[]
[]
[]
[]
[]
[]
[]
[]
[]
[]
[]
[]
[]
[]
[]
[]
[]
[]
[]
[]
[]
[]
[]
[]
[]
[]
[]
[]
[]
[]
[]
[]
[]
[]
[]
[]
[]
[]
[]
[]
[]
[]
[]
[]
[]
[]
[]
[]
[]
[]
[]
[]
[]
[]
[]
[]
[]
[]
[]
[]
[]
[]
[]
[]
[]
[]
[]
[]
[]
[]
[]
[]
[]
[]
[]
[]
[]
[]
[]
[]
[]
[]
[]
[]
[]
[]
[]
[]
[]
[]
[]
[]
[]
[]
[]
[]
[]
[]
[]
[]
[]
[]
[]
[]
[]
[]
[]
[]
[]
[]
[]
[]
[]
[]
[]
[]
[]
[]
[]
[]
[]
[]
[]
[]
[]
[]
[]
[]
[]
[]
[]
[]
[]
[]
[]
[]
[]
[]
[]
[]
[]
[]
[]
[]
[]
[]
[]
[]
[]
[]
[]
[]
[]
[]
[]
[]
[]
[]
[]
[]
[]
[]
[]
[]
[]
[]
[]
[]
[]
[]
[]
[]
[]
[]
[]
[]
[]
[]
[]
[]
[]
[]
[]
[]
[]
[]
[]
[]
[]
[]
[]
[]
[]
[]
[]
[]
[]
[]
[]
[]
[]
[]
[]
[]
[]
[]
[]
[]
[]
[]
[]
[]
[]
[]
[]
[]
[]
[]
[8, 0, 11, 0, 14, 0, 14, 0, 0]
[]
[]
[]
[]
[]
[]
[]
[]
[]
[]
[]
[11, 0, 11, 0, 23, 0, 0, 11, 0]
[]
[]
[]
[]
[]
[]
[]
[]
[]
[]
[]
[]
[12, 0, 12, 0, 12, 0, 12, 0, 15]
[11, 0, 11, 0, 11, 0, 11, 0, 0]
[11, 0, 11, 0, 11, 0, 11, 0, 0]
[]
[]
[11, 0, 11, 0, 11, 0, 0, 11, 0]
[]
[]
[]
[11, 0, 11, 0, 11, 0, 0, 0, 8]
[]
[19, 0, 19, 0, 4, 0, 0, 0, 0]
[]
[11, 0, 8, 0, 14, 0, 0, 11, 0]
[11, 0, 11, 0, 11, 0, 0, 11, 0]
[8, 0, 11, 0, 5, 0, 0, 0, 8]
[]
[10, 0, 16, 0, 28, 0, 0, 0, 0]
[11, 0, 11, 0, 11, 0, 0, 0, 11]
[10, 0, 10, 0, 10, 0, 0, 0, 0]
[]
[]
[]
[]
[]
[]
[]
[]
[]
[]
[]
[]
[]
[]
[]
[]
[]
[]
[]
[]
[]
[]
[]
[]
[]
[]
[]
[]
[]
[]
[]
[]
[]
[]
[]
[]
[]
[]
[]
[]
[]
[]
[]
[]
[]
[]
[]
[]
[]
[]
[]
[]
[]
[]
[]
[]
[]
[]
[]
[]
[]
[11, 0, 14, 0, 0, 0, 11, 0, 11]
[]
[13, 0, 19, 0, 0, 0, 25, 0, 0]
[]
[]
[]
[]
[]
[]
[]
[]
[6, 0, 30, 0, 0, 0, 0, 0, 0]
[]
[]
[7, 0, 25, 0, 0, 0, 0, 22, 0]
[]
[]
[]
[10, 0, 19, 0, 0, 0, 0, 0, 31]
[9, 0, 0, 0, 0, 0, 0, 0, 0]
[]
[]
[]
[]
[]
[]
[]
[]
[]
[]
[]
[]
[]
[]
[]
[]
[]
[]
[]
[]
[]
[]
[]
[]
[]
[]
[]
[]
[]
[]
[]
[]
[]
[]
[11, 0, 11, 0, 0, 0, 29, 0, 17]
[]
[25, 0, 25, 0, 0, 0, 22, 0, 0]
[]
[]
[]
[]
[]
[]
[]
[]
[27, 0, 0, 0, 0, 0, 0, 0, 0]
[]
[]
[19, 0, 16, 0, 0, 0, 0, 43, 0]
[]
[]
[12, 0, 48, 0, 0, 0, 0, 0, 0]
[]
[]
[]
[]
[]
[]
[]
[]
[]
[11, 0, 11, 0, 0, 0, 11, 0, 11]
[10, 0, 13, 0, 0, 0, 10, 0, 0]
[]
[]
[]
[28, 0, 34, 0, 0, 0, 0, 4, 0]
[]
[]
[60, 0, 12, 0, 0, 0, 0, 0, 0]
[10, 0, 1, 0, 0, 0, 0, 0, 4]
[9, 0, 0, 0, 0, 0, 0, 0, 0]
[9, 0, 9, 0, 0, 0, 0, 0, 0]
[]
[13, 0, 31, 0, 0, 0, 0, 13, 0]
[]
[28, 0, 28, 0, 0, 0, 0, 0, 13]
[9, 0, 60, 0, 0, 0, 0, 0, 0]
[9, 0, 9, 0, 0, 0, 0, 0, 0]
[]
[9, 0, 9, 0, 0, 0, 0, 0, 0]
[]
[]
[]
[]
[]
[]
[]
[]
[]
[]
[]
[]
[]
[]
[]
[]
[]
[]
[]
[]
[]
[]
[]
[]
[]
[]
[]
[]
[]
[]
[]
[]
[]
[]
[]
[]
[]
[]
[]
[]
[]
[]
[]
[]
[]
[]
[]
[]
[]
[]
[]
[]
[]
[]
[]
[]
[]
[]
[12, 0, 12, 0, 15, 0, 12, 0, 12]
[11, 0, 11, 0, 14, 0, 8, 0, 0]
[11, 0, 11, 0, 11, 0, 11, 0, 0]
[]
[11, 0, 11, 0, 11, 0, 11, 0, 0]
[]
[]
[14, 0, 8, 0, 11, 0, 0, 11, 0]
[11, 0, 11, 0, 11, 0, 0, 11, 0]
[]
[]
[10, 0, 10, 0, 13, 0, 0, 0, 0]
[]
[10, 0, 13, 0, 16, 0, 0, 0, 0]
[]
[]
[]
[]
[]
[]
[]
[]
[]
[]
[]
[]
[]
[]
[]
[]
[]
[]
[]
[]
[]
[]
[]
[]
[]
[]
[]
[]
[]
[]
[]
[]
[]
[]
[]
[]
[]
[]
[]
[]
[]
[]
[]
[]
[]
[]
[]
[]
[]
[]
[]
[]
[]
[]
[]
[]
[]
[]
[]
[]
[]
[]
[]
[]
[]
[]
[]
[]
[]
[]
[11, 0, 11, 0, 0, 0, 11, 0, 11]
[13, 0, 10, 0, 0, 0, 10, 0, 0]
[]
[]
[]
[10, 0, 10, 0, 0, 0, 0, 10, 0]
[]
[]
[]
[]
[6, 0, 9, 0, 0, 0, 0, 0, 0]
[9, 0, 9, 0, 0, 0, 0, 0, 0]
[]
[]
[]
[]
[]
[]
[]
[]
[]
[]
[]
[]
[]
[]
[]
[]
[]
[]
[]
[]
[]
[]
[]
[]
[]
[]
[]
[]
[]
[]
[]
[]
[]
[]
[]
[]
[]
[]
[]
[]
[]
[]
[]
[]
[]
[]
[]
[]
[]
[]
[]
[]
[]
[]
[]
[]
[]
[]
[]
[]
[]
[]
[]
[]
[]
[]
[]
[]
[]
[]
[]
[]
[]
[]
[]
[]
[]
[]
[]
[]
[]
[]
[]
[]
[]
[]
[]
[]
[]
[]
[]
[]
[]
[]
[]
[]
[]
[]
[]
[]
[]
[]
[]
[]
[]
[]
[]
[]
[]
[]
[]
[]
[]
[]
[]
[]
[]
[]
[]
[]
[]
[]
[]
[]
[]
[]
[]
[]
[]
[]
[]
[]
[]
[]
[]
[]
[]
[]
[]
[]
[]
[]
[]
[]
[]
[]
[]
[]
[]
[]
[]
[]
[]
[]
[]
[]
[]
[]
[]
[]
[]
[]
[]
[]
[]
[]
[]
[]
[]
[]
[]
[]
[]
[]
[]
[]
[]
[]
[]
[]
[]
[]
[]
[]
[]
[]
[]
[]
[]
[]
[]
[]
[]
[]
[]
[]
[]
[]
[]
[]
[]
[]
[]
[]
[]
[]
[]
[]
[]
[]
[]
[]
[]
[]
[]
[]
[]
[]
[]
[]
[]
[]
[]
[]
[]
[]
[]
[]
[]
[]
[]
[]
[]
[]
[]
[]
[]
[]
[]
[]
[]
[]
[]
[]
[]
[]
[]
[]
[]
[]
[]
[]
[]
[]
[]
[]
[]
[]
[]
[]
[]
[]
[]
[]
[]
[]
[]
[]
[]
[]
[]
[]
[]
[]
[]
[]
[]
[]
[]
[]
[]
[]
[]
[]
[]
[]
[]
[]
[]
[]
[]
[]
[]
[]
[]
[]
[]
[]
[]
[]
[]
[]
[]
[]
[]
[]
[]
[]
[]
[]
[]
[]
[]
[]
[]
[]
[]
[]
[]
[]
[]
[]
[]
[]
[]
[]
[]
[]
[]
[]
[]
[]
[]
[]
[]
[]
[]
[]
[]
[]
[]
[]
[]
[]
[]
[]
[]
[]
[]
[]
[]
[]
[]
[56, 0, 0, 0, 17, 14, 0, 59, 0]
[]
[]
[]
[]
[]
[]
[]
[]
[]
[]
[]
[]
[]
[]
[]
[]
[]
[]
[]
[]
[]
[]
[]
[]
[]
[]
[]
[]
[]
[]
[]
[]
[]
[]
[]
[]
[]
[]
[]
[]
[]
[]
[]
[]
[]
[]
[]
[]
[]
[]
[9, 0, 0, 0, 9, 0, 0, 0, 0]
[]
[]
[37, 0, 0, 0, 16, 0, 0, 43, 0]
[]
[]
[3, 0, 0, 0, 0, 0, 0, 0, 0]
[13, 0, 0, 0, 7, 0, 0, 0, 28]
[9, 0, 0, 0, 3, 0, 0, 0, 0]
[]
[]
[]
[]
[]
[]
[]
[]
[]
[]
[]
[]
[]
[]
[]
[]
[]
[]
[]
[]
[]
[]
[]
[]
[]
[]
[]
[]
[]
[]
[]
[]
[]
[]
[]
[]
[]
[]
[]
[]
[]
[]
[]
[]
[]
[]
[]
[]
[]
[]
[]
[]
[]
[]
[]
[]
[]
[]
[]
[]
[]
[]
[]
[]
[]
[]
[]
[]
[]
[]
[]
[]
[]
[]
[]
[0, 0, 0, 0, 0, 0, 0, 33, 0]
[]
[]
[]
[9, 0, 0, 0, 0, 0, 0, 0, 48]
[]
[]
[]
[]
[]
[]
[]
[]
[]
[]
[]
[]
[]
[]
[]
[]
[]
[]
[]
[24, 0, 0, 0, 0, 0, 0, 0, 0]
[]
[]
[64, 0, 0, 0, 0, 7, 0, 37, 0]
[]
[]
[51, 0, 0, 0, 0, 0, 0, 0, 0]
[]
[3, 0, 0, 0, 0, 0, 0, 0, 0]
[]
[]
[]
[]
[]
[]
[]
[]
[]
[]
[]
[]
[]
[]
[]
[]
[]
[]
[]
[]
[]
[63, 0, 0, 0, 0, 0, 0, 57, 0]
[]
[]
[]
[0, 0, 0, 0, 0, 0, 0, 0, 27]
[]
[]
[]
[]
[]
[]
[]
[]
[]
[]
[]
[]
[]
[]
[]
[]
[]
[9, 0, 0, 0, 0, 0, 0, 0, 3]
[]
[8, 0, 0, 0, 0, 0, 0, 0, 0]
[]
[9, 0, 0, 0, 0, 0, 0, 0, 0]
[9, 0, 0, 0, 0, 0, 0, 9, 0]
[9, 0, 0, 0, 0, 0, 0, 0, 0]
[]
[8, 0, 0, 0, 0, 0, 0, 0, 0]
[9, 0, 0, 0, 0, 0, 0, 0, 9]
[8, 0, 0, 0, 0, 0, 0, 0, 0]
[]
[]
[]
[]
[]
[]
[11, 0, 0, 0, 14, 11, 8, 0, 0]
[]
[11, 0, 0, 0, 11, 8, 11, 0, 0]
[11, 0, 0, 0, 11, 11, 11, 0, 0]
[]
[]
[2, 0, 0, 0, 11, 14, 0, 11, 0]
[]
[]
[]
[]
[]
[7, 0, 0, 0, 4, 4, 0, 0, 0]
[]
[14, 0, 0, 0, 8, 8, 0, 8, 0]
[11, 0, 0, 0, 11, 11, 0, 11, 0]
[]
[]
[22, 0, 0, 0, 10, 4, 0, 0, 0]
[]
[10, 0, 0, 0, 4, 10, 0, 0, 0]
[]
[]
[]
[]
[]
[]
[]
[11, 0, 0, 0, 11, 0, 11, 0, 11]
[]
[13, 0, 0, 0, 16, 0, 13, 0, 0]
[]
[]
[]
[]
[]
[]
[]
[]
[6, 0, 0, 0, 0, 0, 0, 0, 0]
[]
[]
[22, 0, 0, 0, 16, 0, 0, 13, 0]
[]
[]
[69, 0, 0, 0, 3, 0, 0, 0, 0]
[10, 0, 0, 0, 7, 0, 0, 0, 28]
[]
[]
[]
[]
[]
[]
[]
[13, 0, 0, 0, 16, 0, 4, 0, 0]
[11, 0, 0, 0, 11, 0, 11, 0, 11]
[16, 0, 0, 0, 10, 0, 13, 0, 0]
[]
[]
[]
[13, 0, 0, 0, 13, 0, 0, 10, 0]
[]
[]
[3, 0, 0, 0, 15, 0, 0, 0, 0]
[10, 0, 0, 0, 13, 0, 0, 0, 10]
[6, 0, 0, 0, 12, 0, 0, 0, 0]
[9, 0, 0, 0, 9, 0, 0, 0, 0]
[]
[13, 0, 0, 0, 16, 0, 0, 13, 0]
[]
[10, 0, 0, 0, 10, 0, 0, 0, 4]
[48, 0, 0, 0, 54, 0, 0, 0, 0]
[9, 0, 0, 0, 9, 0, 0, 0, 0]
[]
[9, 0, 0, 0, 9, 0, 0, 0, 0]
[]
[]
[]
[]
[]
[]
[]
[]
[]
[7, 0, 0, 0, 0, 4, 19, 0, 0]
[]
[]
[]
[]
[]
[]
[]
[]
[]
[]
[]
[52, 0, 0, 0, 0, 1, 0, 28, 0]
[]
[]
[]
[]
[42, 0, 0, 0, 0, 3, 0, 0, 0]
[]
[]
[]
[]
[]
[]
[]
[]
[]
[0, 0, 0, 0, 0, 0, 18, 0, 0]
[]
[]
[]
[]
[]
[]
[]
[]
[]
[]
[]
[66, 0, 0, 0, 0, 0, 0, 75, 0]
[]
[]
[]
[12, 0, 0, 0, 0, 0, 0, 0, 18]
[]
[]
[]
[]
[]
[]
[]
[]
[13, 0, 0, 0, 0, 0, 10, 0, 4]
[6, 0, 0, 0, 0, 0, 6, 0, 0]
[9, 0, 0, 0, 0, 0, 9, 0, 0]
[]
[]
[]
[]
[]
[]
[]
[]
[]
[]
[45, 0, 0, 0, 0, 0, 0, 3, 0]
[9, 0, 0, 0, 0, 0, 0, 9, 0]
[]
[]
[]
[9, 0, 0, 0, 0, 0, 0, 0, 9]
[8, 0, 0, 0, 0, 0, 0, 0, 0]
[]
[]
[]
[]
[]
[]
[22, 0, 0, 0, 0, 16, 16, 0, 0]
[]
[13, 0, 0, 0, 0, 19, 4, 0, 0]
[]
[]
[]
[37, 0, 0, 0, 0, 37, 0, 7, 0]
[]
[]
[42, 0, 0, 0, 0, 36, 0, 0, 0]
[]
[9, 0, 0, 0, 0, 15, 0, 0, 0]
[9, 0, 0, 0, 0, 9, 0, 0, 0]
[]
[31, 0, 0, 0, 0, 22, 0, 0, 0]
[]
[]
[30, 0, 0, 0, 0, 84, 0, 0, 0]
[9, 0, 0, 0, 0, 9, 0, 0, 0]
[]
[9, 0, 0, 0, 0, 9, 0, 0, 0]
[]
[]
[]
[]
[]
[]
[18, 0, 0, 0, 0, 0, 0, 0, 0]
[10, 0, 0, 0, 0, 0, 7, 0, 4]
[]
[9, 0, 0, 0, 0, 0, 9, 0, 0]
[]
[]
[81, 0, 0, 0, 0, 0, 0, 3, 0]
[]
[]
[]
[3, 0, 0, 0, 0, 0, 0, 0, 0]
[]
[8, 0, 0, 0, 0, 0, 0, 0, 0]
[]
[]
[9, 0, 0, 0, 0, 0, 0, 9, 0]
[]
[]
[8, 0, 0, 0, 0, 0, 0, 0, 0]
[9, 0, 0, 0, 0, 0, 0, 0, 9]
[]
[]
[]
[]
[]
[]
[]
[]
[]
[]
[]
[]
[]
[]
[]
[]
[]
[]
[]
[]
[]
[]
[]
[]
[]
[]
[]
[]
[]
[]
[]
[]
[]
[]
[]
[]
[]
[]
[]
[]
[]
[]
[]
[]
[]
[]
[]
[]
[]
[]
[]
[]
[]
[]
[]
[]
[]
[]
[]
[]
[]
[]
[]
[]
[]
[]
[]
[]
[]
[]
[]
[]
[]
[]
[]
[]
[]
[]
[]
[]
[]
[]
[]
[]
[]
[]
[]
[]
[]
[]
[]
[]
[]
[]
[]
[]
[]
[]
[]
[]
[]
[]
[]
[]
[]
[]
[]
[]
[]
[]
[]
[]
[]
[]
[]
[]
[]
[]
[]
[]
[]
[]
[]
[]
[]
[]
[]
[]
[]
[]
[]
[]
[]
[]
[]
[]
[]
[]
[]
[]
[]
[]
[]
[]
[]
[]
[]
[]
[]
[]
[]
[]
[]
[]
[]
[]
[]
[]
[]
[]
[]
[]
[]
[]
[]
[]
[]
[]
[]
[]
[]
[]
[]
[]
[]
[]
[]
[]
[]
[]
[]
[]
[]
[]
[]
[]
[]
[]
[]
[]
[]
[]
[]
[]
[]
[]
[]
[]
[]
[]
[]
[]
[]
[]
[]
[]
[]
[]
[]
[]
[]
[]
[]
[]
[]
[]
[]
[]
[]
[]
[]
[]
[]
[]
[]
[]
[]
[]
[]
[]
[]
[]
[]
[]
[]
[]
[]
[]
[]
[]
[]
[]
[]
[]
[]
[]
[]
[]
[]
[]
[]
[]
[]
[]
[]
[]
[]
[]
[]
[]
[]
[]
[]
[]
[]
[]
[]
[]
[]
[]
[]
[]
[]
[]
[]
[]
[]
[]
[]
[]
[]
[]
[]
[]
[]
[]
[]
[]
[]
[]
[]
[11, 0, 0, 0, 11, 5, 0, 11, 0]
[11, 0, 0, 0, 11, 11, 0, 11, 0]
[]
[]
[13, 0, 0, 0, 25, 19, 0, 0, 0]
[]
[16, 0, 0, 0, 31, 13, 0, 0, 0]
[]
[]
[]
[]
[]
[]
[]
[]
[]
[]
[]
[]
[]
[]
[]
[]
[]
[]
[]
[]
[]
[]
[]
[]
[6, 0, 0, 0, 9, 0, 0, 0, 0]
[7, 0, 0, 0, 25, 0, 0, 0, 16]
[3, 0, 0, 0, 15, 0, 0, 0, 0]
[]
[]
[]
[]
[]
[]
[]
[]
[]
[]
[]
[]
[]
[]
[]
[]
[]
[]
[]
[]
[]
[]
[]
[]
[]
[]
[9, 0, 0, 0, 9, 0, 0, 0, 0]
[]
[]
[]
[]
[]
[]
[]
[]
[]
[]
[]
[]
[]
[]
[]
[]
[]
[]
[]
[]
[]
[7, 0, 0, 0, 0, 28, 0, 16, 0]
[]
[]
[]
[]
[0, 0, 0, 0, 0, 3, 0, 0, 0]
[]
[]
[]
[]
[]
[]
[]
[]
[]
[]
[]
[]
[]
[]
[]
[]
[]
[]
[]
[]
[]
[]
[]
[]
[]
[]
[]
[]
[]
[]
[]
[]
[]
[]
[]
[]
[]
[]
[]
[]
[]
[]
[]
[]
[]
[]
[]
[]
[]
[]
[]
[]
[9, 0, 0, 0, 0, 0, 0, 0, 9]
[8, 0, 0, 0, 0, 0, 0, 0, 0]
[]
[]
[]
[]
[]
[]
[]
[]
[]
[]
[]
[]
[]
[]
[]
[]
[]
[]
[]
[]
[]
[]
[]
[]
[]
[]
[]
[]
[]
[]
[]
[]
[]
[]
[]
[]
[]
[]
[]
[]
[]
[]
[]
[]
[]
[]
[]
[]
[]
[]
[]
[]
[]
[]
[]
[]
[]
[]
[]
[]
[]
[]
[]
[]
[]
[]
[]
[]
[]
[]
[]
[]
[]
[]
[]
[]
[]
[]
[]
[]
[]
[]
[]
[]
[]
[]
[]
[11, 0, 0, 0, 11, 11, 11, 0, 0]
[]
[11, 0, 0, 0, 11, 11, 11, 0, 0]
[]
[]
[5, 0, 0, 0, 11, 8, 0, 11, 0]
[11, 0, 0, 0, 11, 11, 0, 11, 0]
[]
[]
[7, 0, 0, 0, 31, 31, 0, 0, 0]
[]
[10, 0, 0, 0, 16, 10, 0, 0, 0]
[]
[]
[11, 0, 0, 0, 11, 11, 0, 11, 0]
[]
[]
[28, 0, 0, 0, 16, 4, 0, 0, 0]
[]
[]
[]
[]
[]
[]
[]
[]
[]
[7, 0, 0, 0, 13, 0, 10, 0, 0]
[11, 0, 0, 0, 11, 0, 11, 0, 11]
[10, 0, 0, 0, 10, 0, 16, 0, 0]
[]
[]
[]
[16, 0, 0, 0, 22, 0, 0, 10, 0]
[]
[]
[0, 0, 0, 0, 9, 0, 0, 0, 0]
[10, 0, 0, 0, 10, 0, 0, 0, 10]
[9, 0, 0, 0, 9, 0, 0, 0, 0]
[9, 0, 0, 0, 9, 0, 0, 0, 0]
[]
[10, 0, 0, 0, 34, 0, 0, 19, 0]
[]
[]
[9, 0, 0, 0, 18, 0, 0, 0, 0]
[9, 0, 0, 0, 9, 0, 0, 0, 0]
[]
[9, 0, 0, 0, 9, 0, 0, 0, 0]
[]
[]
[]
[]
[]
[]
[]
[]
[]
[]
[]
[1, 0, 0, 0, 10, 0, 0, 10, 0]
[]
[]
[]
[]
[]
[9, 0, 0, 0, 9, 0, 0, 0, 0]
[]
[]
[]
[]
[]
[9, 0, 0, 0, 9, 0, 0, 0, 0]
[]
[]
[]
[]
[]
[]
[]
[]
[]
[]
[]
[16, 0, 0, 0, 0, 10, 4, 0, 0]
[]
[]
[]
[7, 0, 0, 0, 0, 31, 0, 25, 0]
[]
[]
[]
[]
[9, 0, 0, 0, 0, 0, 0, 0, 0]
[9, 0, 0, 0, 0, 9, 0, 0, 0]
[]
[22, 0, 0, 0, 0, 7, 0, 16, 0]
[]
[]
[]
[]
[]
[9, 0, 0, 0, 0, 9, 0, 0, 0]
[]
[]
[]
[]
[]
[]
[]
[10, 0, 0, 0, 0, 0, 16, 0, 10]
[9, 0, 0, 0, 0, 0, 0, 0, 0]
[9, 0, 0, 0, 0, 0, 9, 0, 0]
[]
[]
[0, 0, 0, 0, 0, 0, 0, 9, 0]
[]
[]
[]
[9, 0, 0, 0, 0, 0, 0, 0, 9]
[]
[8, 0, 0, 0, 0, 0, 0, 0, 0]
[]
[42, 0, 0, 0, 0, 0, 0, 9, 0]
[9, 0, 0, 0, 0, 0, 0, 9, 0]
[]
[]
[]
[9, 0, 0, 0, 0, 0, 0, 0, 9]
[8, 0, 0, 0, 0, 0, 0, 0, 0]
[]
[]
[]
[]
[]
[]
[]
[]
[9, 0, 0, 0, 0, 0, 9, 0, 0]
[]
[]
[9, 0, 0, 0, 0, 0, 0, 0, 0]
[]
[]
[]
[]
[9, 0, 0, 0, 0, 0, 0, 0, 9]
[8, 0, 0, 0, 0, 0, 0, 0, 0]
[]
[]
[9, 0, 0, 0, 0, 0, 0, 9, 0]
[]
[]
[]
[]
[]
[]
[]
[]
[]
[]
[]
[]
[]
[]
[]
[]
[]
[1, 0, 0, 0, 0, 31, 0, 16, 0]
[]
[]
[]
[9, 0, 0, 0, 0, 9, 0, 0, 0]
[]
[9, 0, 0, 0, 0, 9, 0, 0, 0]
[]
[]
[]
[]
[]
[]
[]
[]
[]
[]
[]
[]
[]
[]
[]
[9, 0, 0, 0, 0, 0, 9, 0, 0]
[]
[9, 0, 0, 0, 0, 0, 9, 0, 0]
[]
[]
[0, 0, 0, 0, 0, 0, 0, 9, 0]
[9, 0, 0, 0, 0, 0, 0, 9, 0]
[]
[]
[8, 0, 0, 0, 0, 0, 0, 0, 0]
[9, 0, 0, 0, 0, 0, 0, 0, 9]
[8, 0, 0, 0, 0, 0, 0, 0, 0]
[]
[]
[]
[]
[]
[]
[]
[]
[]
[]
[]
[]
[]
[]
[]
[]
[]
[]
[]
[]
[]
[]
[]
[]
[]
[]
[]
[]
[]
[]
[]
[]
[]
[]
[]
[]
[]
[]
[]
[]
[]
[]
[]
[]
[]
[]
[]
[]
[]
[]
[]
[]
[]
[]
[]
[]
[]
[]
[]
[]
[]
[]
[]
[]
[]
[]
[]
[]
[]
[]
[]
[]
[]
[]
[]
[]
[]
[]
[]
[]
[]
[]
[]
[]
[]
[]
[]
[]
[]
[]
[]
[]
[]
[]
[]
[]
[]
[]
[]
[]
[]
[]
[]
[]
[]
[]
[]
[]
[]
[]
[]
[]
[]
[]
[]
[]
[]
[]
[]
[]
[]
[]
[]
[]
[]
[]
[]
[]
[]
[]
[]
[]
[]
[]
[]
[]
[]
[]
[]
[]
[]
[]
[]
[]
[]
[]
[]
[]
[]
[]
[]
[]
[]
[]
[]
[]
[]
[]
[]
[]
[]
[]
[]
[]
[]
[]
[]
[]
[]
[]
[]
[]
[]
[]
[]
[]
[]
[]
[]
[]
[]
[]
[]
[]
[]
[]
[]
[]
[]
[]
[]
[]
[]
[]
[]
[]
[]
[]
[]
[]
[]
[]
[]
[]
[]
[]
[]
[]
[]
[]
[]
[]
[]
[]
[]
[]
[]
[]
[]
[]
[]
[]
[]
[]
[]
[]
[]
[]
[]
[]
[]
[]
[]
[]
[]
[]
[]
[]
[]
[]
[]
[]
[]
[]
[]
[]
[]
[]
[]
[]
[]
[]
[]
[]
[]
[]
[]
[]
[]
[]
[]
[]
[]
[]
[]
[]
[]
[]
[]
[]
[]
[]
[]
[]
[]
[]
[]
[]
[]
[]
[]
[]
[]
[]
[]
[]
[]
[]
[]
[]
[]
[]
[]
[]
[]
[]
[]
[]
[]
[]
[]
[]
[]
[]
[]
[]
[]
[]
[]
[]
[]
[]
[]
[]
[]
[]
[]
[]
[]
[]
[]
[]
[]
[]
[]
[]
[]
[]
[]
[]
[]
[]
[]
[]
[]
[]
[]
[]
[]
[]
[]
[]
[]
[]
[]
[]
[]
[]
[]
[]
[]
[]
[]
[]
[]
[]
[]
[]
[]
[]
[]
[]
[]
[]
[]
[]
[]
[]
[]
[]
[]
[]
[]
[]
[]
[]
[]
[]
[]
[]
[]
[]
[]
[]
[]
[]
[]
[]
[]
[]
[]
[]
[]
[]
[]
[]
[]
[]
[]
[]
[]
[]
[]
[]
[]
[]
[]
[]
[]
[]
[]
[]
[]
[]
[]
[]
[]
[]
[]
[]
[]
[]
[]
[]
[]
[]
[]
[]
[]
[]
[]
[]
[]
[]
[]
[]
[]
[]
[]
[]
[]
[]
[]
[]
[]
[]
[]
[]
[]
[]
[]
[]
[]
[]
[]
[]
[]
[]
[]
[]
[]
[]
[]
[]
[]
[]
[]
[]
[]
[]
[]
[]
[]
[]
[]
[]
[]
[]
[]
[]
[]
[]
[]
[]
[]
[]
[]
[]
[]
[]
[]
[]
[]
[]
[]
[]
[]
[]
[]
[]
[]
[]
[]
[]
[]
[]
[]
[]
[]
[]
[]
[]
[]
[]
[]
[]
[]
[]
[]
[]
[]
[]
[]
[]
[]
[]
[]
[]
[]
[]
[]
[]
[]
[]
[]
[]
[]
[]
[]
[]
[]
[]
[]
[]
[]
[]
[]
[]
[]
[]
[]
[]
[]
[]
[]
[]
[]
[]
[]
[]
[]
[]
[]
[]
[]
[]
[]
[]
[]
[]
[]
[]
[]
[]
[]
[]
[]
[]
[]
[]
[]
[]
[]
[]
[]
[]
[]
[11, 0, 11, 0, 11, 0, 0, 11, 0]
[]
[]
[]
[]
[]
[]
[]
[]
[]
[]
[]
[]
[]
[]
[]
[]
[]
[]
[]
[]
[]
[]
[]
[]
[]
[]
[]
[]
[]
[]
[]
[]
[]
[]
[]
[]
[]
[]
[]
[]
[]
[]
[]
[]
[]
[]
[]
[]
[]
[]
[]
[]
[]
[]
[]
[]
[]
[]
[]
[]
[]
[]
[]
[]
[]
[]
[]
[]
[]
[]
[]
[]
[]
[]
[]
[]
[]
[]
[]
[]
[10, 0, 10, 0, 0, 0, 0, 4, 0]
[]
[]
[]
[9, 0, 9, 0, 0, 0, 0, 0, 0]
[]
[9, 0, 9, 0, 0, 0, 0, 0, 0]
[]
[]
[]
[]
[]
[]
[]
[]
[]
[]
[]
[]
[]
[]
[]
[]
[]
[]
[]
[]
[]
[]
[]
[]
[]
[]
[]
[]
[]
[]
[]
[]
[]
[]
[]
[]
[]
[]
[]
[]
[]
[]
[]
[]
[]
[]
[]
[]
[]
[]
[]
[]
[]
[]
[]
[]
[]
[]
[]
[]
[]
[]
[]
[]
[]
[]
[]
[]
[]
[]
[]
[]
[]
[]
[]
[]
[]
[]
[]
[]
[]
[]
[]
[]
[]
[]
[]
[]
[]
[]
[]
[]
[]
[]
[]
[]
[]
[]
[]
[]
[]
[]
[]
[]
[]
[]
[]
[]
[]
[]
[]
[]
[]
[]
[]
[]
[]
[]
[]
[]
[]
[]
[]
[]
[]
[]
[]
[]
[]
[]
[]
[]
[]
[]
[]
[]
[]
[]
[]
[]
[]
[]
[]
[]
[]
[]
[]
[]
[]
[]
[]
[]
[]
[]
[]
[]
[]
[]
[]
[]
[]
[]
[]
[]
[]
[]
[]
[]
[]
[]
[]
[]
[]
[]
[]
[]
[]
[]
[]
[]
[]
[]
[]
[]
[]
[]
[]
[]
[]
[]
[]
[]
[]
[]
[]
[]
[]
[]
[]
[]
[]
[]
[]
[]
[]
[]
[]
[]
[]
[]
[]
[]
[]
[]
[]
[]
[]
[]
[]
[]
[]
[]
[]
[]
[]
[]
[]
[]
[]
[]
[]
[]
[]
[]
[]
[]
[]
[]
[]
[]
[]
[]
[]
[]
[]
[]
[]
[]
[]
[]
[]
[]
[]
[]
[]
[]
[]
[]
[]
[]
[]
[]
[]
[]
[]
[]
[]
[]
[]
[]
[]
[]
[]
[]
[]
[]
[]
[]
[]
[]
[]
[]
[]
[]
[]
[]
[]
[]
[]
[]
[]
[]
[]
[]
[]
[]
[]
[]
[]
[]
[]
[]
[]
[]
[]
[]
[]
[]
[]
[]
[]
[]
[]
[]
[]
[]
[]
[]
[]
[]
[]
[]
[]
[]
[]
[]
[]
[]
[]
[]
[]
[]
[]
[]
[]
[]
[]
[]
[]
[]
[]
[]
[]
[]
[]
[]
[]
[]
[]
[]
[]
[]
[]
[]
[]
[]
[]
[]
[]
[]
[]
[]
[]
[]
[]
[]
[]
[]
[]
[]
[]
[]
[]
[]
[]
[]
[]
[]
[]
[]
[]
[]
[]
[]
[]
[]
[]
[]
[]
[]
[]
[]
[]
[]
[]
[]
[]
[]
[]
[]
[]
[]
[]
[]
[]
[]
[]
[]
[]
[]
[]
[]
[]
[]
[]
[]
[]
[]
[]
[]
[]
[]
[]
[]
[]
[]
[]
[]
[]
[]
[]
[]
[]
[]
[]
[]
[]
[]
[]
[]
[]
[]
[]
[]
[]
[]
[]
[]
[]
[]
[]
[]
[]
[]
[]
[]
[]
[]
[]
[]
[]
[]
[]
[]
[]
[]
[]
[]
[]
[]
[]
[]
[]
[]
[]
[]
[]
[]
[]
[]
[]
[]
[]
[]
[]
[]
[]
[]
[]
[]
[]
[]
[]
[]
[]
[]
[]
[]
[]
[]
[]
[]
[]
[]
[]
[]
[]
[]
[]
[]
[]
[]
[]
[]
[]
[]
[]
[]
[]
[]
[]
[]
[]
[]
[]
[]
[]
[]
[]
[]
[]
[]
[]
[]
[]
[]
[]
[]
[]
[]
[]
[]
[]
[]
[]
[]
[]
[]
[]
[]
[]
[]
[]
[]
[]
[]
[]
[]
[]
[]
[]
[]
[]
[]
[]
[]
[]
[]
[]
[]
[]
[]
[]
[]
[]
[]
[]
[]
[]
[]
[]
[]
[]
[]
[]
[]
[]
[11, 0, 0, 0, 11, 11, 0, 11, 0]
[11, 0, 0, 0, 11, 11, 0, 11, 0]
[]
[]
[13, 0, 0, 0, 16, 7, 0, 0, 0]
[]
[7, 0, 0, 0, 10, 10, 0, 0, 0]
[]
[]
[11, 0, 0, 0, 11, 11, 0, 11, 0]
[]
[]
[16, 0, 0, 0, 10, 28, 0, 0, 0]
[]
[]
[]
[]
[]
[]
[]
[]
[]
[]
[]
[]
[]
[]
[]
[]
[]
[]
[9, 0, 0, 0, 9, 0, 0, 0, 0]
[]
[]
[9, 0, 0, 0, 9, 0, 0, 0, 0]
[]
[]
[]
[]
[]
[9, 0, 0, 0, 9, 0, 0, 0, 0]
[]
[]
[]
[]
[]
[]
[]
[]
[]
[]
[]
[]
[]
[]
[]
[]
[]
[]
[]
[9, 0, 0, 0, 9, 0, 0, 0, 0]
[]
[]
[]
[]
[]
[9, 0, 0, 0, 9, 0, 0, 0, 0]
[]
[]
[]
[]
[]
[]
[]
[]
[]
[]
[]
[]
[]
[]
[]
[]
[]
[]
[]
[]
[]
[]
[]
[19, 0, 0, 0, 0, 4, 0, 7, 0]
[]
[]
[12, 0, 0, 0, 0, 0, 0, 0, 0]
[9, 0, 0, 0, 0, 9, 0, 0, 0]
[]
[9, 0, 0, 0, 0, 9, 0, 0, 0]
[]
[]
[]
[]
[]
[]
[]
[]
[]
[]
[]
[]
[]
[]
[]
[]
[]
[]
[]
[]
[]
[9, 0, 0, 0, 0, 0, 0, 9, 0]
[]
[]
[8, 0, 0, 0, 0, 0, 0, 0, 0]
[]
[]
[]
[]
[]
[]
[]
[]
[]
[]
[]
[]
[]
[]
[]
[]
[]
[]
[]
[]
[]
[]
[9, 0, 0, 0, 0, 0, 0, 9, 0]
[]
[]
[8, 0, 0, 0, 0, 0, 0, 0, 0]
[]
[]
[]
[]
[]
[]
[]
[]
[]
[]
[]
[]
[]
[]
[4, 0, 0, 0, 0, 16, 0, 22, 0]
[]
[]
[]
[9, 0, 0, 0, 0, 9, 0, 0, 0]
[]
[]
[]
[]
[]
[]
[]
[9, 0, 0, 0, 0, 9, 0, 0, 0]
[]
[]
[]
[]
[]
[]
[]
[]
[]
[]
[]
[]
[]
[]
[]
[]
[]
[]
[8, 0, 0, 0, 0, 0, 0, 0, 0]
[]
[]
[]
[]
[]
[]
[]
[]
[]
[]
[]
[]
[]
[]
[]
[]
[]
[]
[]
[]
[]
[]
[]
[]
[]
[]
[]
[]
[]
[]
[]
[]
[]
[]
[]
[]
[]
[]
[]
[]
[]
[]
[]
[]
[]
[]
[]
[]
[]
[]
[]
[]
[]
[]
[]
[]
[]
[]
[]
[]
[]
[]
[]
[]
[]
[]
[]
[]
[]
[]
[]
[]
[]
[]
[]
[]
[]
[]
[]
[]
[]
[]
[]
[]
[]
[]
[]
[]
[]
[]
[]
[]
[]
[]
[]
[]
[]
[]
[]
[]
[]
[]
[]
[]
[]
[]
[]
[]
[]
[]
[]
[]
[]
[]
[]
[]
[]
[]
[]
[]
[]
[]
[]
[]
[]
[]
[]
[]
[]
[]
[]
[]
[]
[]
[]
[]
[]
[]
[]
[]
[]
[]
[]
[]
[]
[]
[]
[]
[]
[]
[]
[]
[]
[]
[]
[]
[]
[]
[]
[]
[]
[]
[]
[]
[]
[]
[]
[]
[]
[]
[]
[]
[]
[]
[]
[]
[]
[]
[]
[]
[]
[]
[]
[]
[]
[]
[]
[]
[]
[]
[]
[]
[]
[]
[]
[]
[]
[]
[]
[]
[]
[]
[]
[]
[]
[]
[]
[]
[]
[]
[]
[]
[]
[]
[]
[]
[]
[]
[]
[]
[]
[]
[]
[]
[]
[]
[]
[]
[]
[]
[]
[]
[]
[]
[]
[]
[]
[]
[]
[]
[]
[]
[]
[]
[]
[]
[]
[]
[]
[]
[]
[]
[]
[]
[]
[]
[]
[]
[]
[]
[]
[]
[]
[]
[]
[]
[]
[]
[]
[]
[]
[]
[]
[]
[]
[]
[]
[]
[]
[]
[]
[]
[]
[]
[]
[]
[]
[]
[]
[]
[]
[]
[]
[]
[]
[]
[]
[]
[]
[]
[]
[]
[]
[]
[]
[]
[]
[]
[]
[]
[]
[]
[]
[]
[]
[]
[]
[]
[]
[]
[]
[]
[]
[]
[]
[]
[]
[]
[]
[]
[]
[]
[]
[]
[]
[]
[]
[]
[]
[]
[]
[]
[]
[]
[]
[]
[]
[]
[]
[]
[]
[]
[]
[]
[]
[]
[]
[]
[]
[]
[]
[]
[]
[]
[]
[]
[]
[]
[]
[]
[]
[]
[]
[]
[]
[]
[]
[]
[]
[]
[]
[]
[]
[]
[]
[]
[]
[]
[]
[]
[]
[]
[]
[]
[]
[]
[]
[]
[]
[]
[]
[]
[]
[]
[]
[]
[]
[]
[]
[]
[]
[]
[]
[]
[]
[]
[]
[]
[]
[]
[]
[]
[]
[]
[]
[]
[]
[]
[]
[]
[]
[]
[]
[]
[]
[]
[]
[]
[]
[]
[]
[]
[]
[]
[]
[]
[]
[]
[]
[]
[]
[]
[]
[]
[]
[]
[]
[]
[]
[]
[]
[]
[]
[]
[]
[]
[]
[]
[]
[]
[]
[]
[]
[]
[]
[]
[]
[]
[]
[]
[]
[]
[]
[]
[]
[]
[]
[]
[]
[]
[]
[]
[]
[]
[]
[]
[]
[]
[]
[]
[]
[]
[]
[]
[]
[]
[]
[]
[]
[]
[]
[]
[]
[]
[]
[]
[]
[]
[]
[]
[]
[]
[]
[]
[]
[]
[]
[]
[]
[]
[]
[]
[]
[]
[]
[]
[]
[]
[]
[]
[]
[]
[]
[]
[]
[]
[]
[]
[]
[]
[]
[]
[]
[]
[]
[]
[]
[]
[]
[]
[]
[]
[]
[]
[]
[]
[]
[]
[]
[]
[]
[]
[]
[]
[9, 0, 0, 0, 9, 0, 0, 0, 0]
[]
[]
[]
[]
[]
[]
[]
[]
[]
[]
[]
[]
[]
[]
[]
[]
[]
[]
[]
[]
[]
[]
[]
[]
[]
[]
[]
[]
[]
[]
[]
[]
[]
[]
[]
[]
[]
[]
[]
[]
[]
[]
[]
[]
[]
[]
[]
[]
[]
[]
[]
[]
[]
[9, 0, 0, 0, 0, 9, 0, 0, 0]
[]
[]
[]
[]
[]
[]
[]
[]
[]
[]
[]
[]
[]
[]
[]
[]
[]
[]
[]
[]
[]
[]
[]
[]
[]
[]
[8, 0, 0, 0, 0, 0, 0, 0, 0]
[]
[]
[]
[]
[]
[]
[]
[]
[]
[]
[]
[]
[]
[]
[]
[]
[]
[]
[]
[]
[]
[]
[]
[]
[]
[]
[]
[]
[]
[]
[]
[]
[]
[]
[]
[]
[]
[]
[]
[]
[]
[]
[]
[]
[]
[]
[]
[]
[]
[]
[]
[]
[]
[]
[]
[]
[]
[]
[]
[]
[]
[]
[]
[]
[]
[]
[]
[]
[]
[]
[]
[]
[]
[]
[]
[]
[]
[]
[]
[]
[]
[]
[]
[]
[]
[]
[]
[]
[]
[]
[]
[]
[]
[]
[]
[]
[]
[]
[]
[]
[]
[]
[]
[]
[]
[]
[]
[]
[]
[]
[]
[]
[]
[]
[]
[]
[]
[]
[]
[]
[]
[]
[]
[]
[]
[]
[]
[]
[]
[]
[]
[]
[]
[]
[]
[]
[]
[]
[]
[]
[]
[]
[]
[]
[]
[]
[]
[]
[]
[]
[]
[]
[]
[]
[]
[]
[]
[]
[]
[]
[]
[]
[]
[]
[]
[]
[]
[]
[]
[]
[]
[]
[]
[]
[]
[]
[]
[]
[]
[]
[]
[]
[]
[]
[]
[]
[]
[]
[]
[]
[]
[]
[]
[]
[]
[]
[]
[]
[]
[]
[]
[]
[]
[]
[]
[]
[]
[]
[]
[]
[]
[]
[]
[]
[]
[]
[]
[]
[]
[]
[]
[]
[]
[]
[]
[]
[]
[]
[]
[]
[]
[]
[]
[]
[]
[]
[]
[]
[]
[]
[]
[]
[]
[]
[]
[]
[]
[]
[]
[]
[]
[]
[]
[]
[]
[]
[]
[]
[]
[]
[]
[]
[]
[]
[]
[]
[]
[]
[]
[]
[]
[]
[]
[]
[]
[]
[]
[]
[]
[]
[]
[]
[]
[]
[]
[]
[]
[]
[]
[]
[]
[]
[]
[]
[]
[]
[]
[]
[]
[]
[]
[]
[]
[]
[]
[]
[]
[]
[]
[]
[]
[]
[]
[]
[]
[]
[]
[]
[]
[]
[]
[]
[]
[]
[]
[]
[]
[]
[]
[]
[]
[]
[]
[]
[]
[]
[]
[]
[]
[]
[]
[]
[]
[]
[]
[]
[]
[]
[]
[]
[]
[]
[]
[]
[]
[]
[]
[]
[]
[]
[]
[]
[]
[]
[]
[]
[]
[]
[]
[]
[]
[]
[]
[]
[]
[]
[]
[]
[]
[]
[]
[]
[]
[]
[]
[]
[]
[]
[]
[]
[]
[]
[]
[]
[]
[]
[]
[]
[]
[]
[]
[]
[]
[]
[]
[]
[]
[]
[]
[]
[]
[]
[]
[]
[]
[]
[]
[]
[]
[]
[]
[]
[]
[]
[]
[]
[]
[]
[]
[]
[]
[]
[]
[]
[]
[]
[]
[]
[]
[]
[]
[]
[]
[]
[]
[]
[]
[]
[]
[]
[]
[]
[]
[]
[]
[]
[]
[]
[]
[]
[]
[]
[]
[]
[]
[]
[]
[]
[]
[]
[]
[]
[]
[]
[]
[]
[]
[]
[]
[]
[]
[]
[]
[]
[]
[]
[]
[]
[]
[]
[]
[]
[]
[]
[]
[]
[]
[]
[]
[]
[]
[]
[]
[]
[]
[]
[]
[]
[]
[]
[]
[]
[]
[]
[]
[]
[]
[]
[]
[]
[]
[]
[]
[]
[]
[]
[]
[]
[]
[]
[]
[]
[]
[]
[]
[]
[]
[]
[]
[]
[]
[]
[]
[]
[]
[]
[]
[]
[]
[]
[]
[]
[]
[]
[]
[]
[]
[]
[]
[]
[]
[]
[]
[]
[]
[]
[]
[]
[]
[]
[]
[]
[]
[]
[]
[]
[]
[]
[]
[]
[]
[]
[]
[]
[]
[]
[]
[]
[]
[]
[]
[]
[]
[]
[]
[]
[]
[]
[]
[]
[]
[]
[]
[]
[]
[]
[]
[]
[]
[]
[]
[]
[]
[]
[]
[]
[]
[]
[]
[]
[]
[]
[]
[]
[]
[]
[]
[]
[]
[]
[]
[]
[]
[]
[]
[]
[]
[]
[]
[]
[]
[]
[]
[]
[]
[]
[]
[]
[]
[]
[]
[]
[]
[]
[]
[]
[]
[]
[]
[]
[]
[]
[]
[]
[]
[]
[]
[]
[]
[]
[]
[]
[]
[]
[]
[]
[]
[]
[]
[]
[]
[]
[]
[]
[]
[]
[]
[]
[]
[]
[]
[]
[]
[]
[]
[]
[]
[]
[]
[]
[]
[]
[]
[]
[]
[]
[]
[]
[]
[]
[]
[]
[]
[]
[]
[]
[]
[]
[]
[]
[]
[]
[]
[]
[]
[]
[]
[]
[]
[]
[]
[]
[]
[]
[]
[]
[]
[]
[]
[]
[]
[]
[]
[]
[]
[]
[]
[]
[]
[]
[]
[]
[]
[]
[]
[]
[]
[]
[]
[]
[]
[]
[]
[]
[]
[]
[]
[]
[]
[]
[]
[]
[]
[]
[]
[]
[]
[]
[]
[]
[]
[]
[]
[]
[]
[]
[]
[]
[]
[]
[]
[]
[]
[]
[]
[]
[]
[]
[]
[]
[]
[]
[]
[]
[]
[]
[]
[]
[]
[]
[]
[]
[]
[]
[]
[]
[]
[]
[]
[]
[]
[]
[]
[]
[]
[]
[]
[]
[]
[]
[]
[]
[]
[]
[]
[]
[]
[]
[]
[]
[]
[]
[]
[]
[]
[]
[]
[]
[]
[]
[]
[]
[]
[]
[]
[]
[]
[]
[0, 8, 0, 11, 11, 8, 0, 0, 0]
[]
[]
[0, 12, 0, 27, 30, 15, 0, 117, 0]
[]
[]
[0, 11, 0, 5, 8, 11, 0, 0, 0]
[]
[]
[]
[]
[]
[]
[]
[]
[]
[]
[]
[]
[]
[]
[]
[]
[]
[]
[]
[]
[]
[]
[]
[0, 32, 0, 0, 2, 0, 0, 248, 0]
[]
[]
[]
[]
[]
[]
[]
[]
[]
[]
[]
[]
[]
[]
[]
[]
[]
[]
[]
[]
[]
[]
[]
[0, 4, 0, 4, 7, 0, 0, 0, 0]
[]
[0, 2, 0, 0, 0, 0, 0, 0, 0]
[0, 11, 0, 11, 11, 0, 0, 11, 0]
[]
[]
[0, 10, 0, 0, 1, 0, 0, 0, 0]
[]
[0, 4, 0, 10, 13, 0, 0, 0, 0]
[]
[]
[]
[]
[]
[]
[]
[]
[]
[]
[]
[]
[]
[]
[]
[]
[]
[]
[]
[]
[]
[0, 26, 0, 0, 0, 8, 0, 128, 0]
[]
[]
[]
[]
[]
[]
[]
[]
[]
[]
[]
[]
[]
[]
[]
[]
[]
[]
[]
[]
[]
[]
[]
[]
[]
[]
[]
[]
[]
[]
[]
[]
[]
[]
[]
[]
[]
[]
[]
[]
[]
[]
[]
[]
[]
[]
[]
[]
[]
[]
[]
[]
[]
[0, 28, 0, 1, 0, 0, 0, 37, 0]
[]
[]
[0, 9, 0, 0, 0, 0, 0, 0, 0]
[]
[]
[]
[]
[]
[]
[]
[]
[]
[]
[]
[]
[]
[]
[0, 0, 0, 5, 0, 8, 0, 8, 0]
[]
[]
[]
[]
[]
[0, 28, 0, 22, 0, 7, 0, 0, 0]
[]
[]
[0, 11, 0, 11, 0, 11, 0, 11, 0]
[]
[]
[0, 10, 0, 0, 0, 1, 0, 0, 0]
[]
[]
[]
[]
[]
[]
[]
[]
[]
[]
[]
[]
[]
[]
[]
[]
[]
[]
[]
[]
[0, 42, 0, 0, 0, 0, 0, 0, 0]
[]
[]
[0, 19, 0, 4, 0, 0, 0, 103, 0]
[]
[]
[0, 9, 0, 0, 0, 0, 0, 0, 0]
[]
[]
[]
[]
[]
[]
[]
[]
[]
[]
[]
[]
[]
[]
[]
[]
[]
[]
[]
[0, 9, 0, 9, 0, 0, 0, 0, 0]
[0, 9, 0, 9, 0, 0, 0, 0, 0]
[]
[0, 34, 0, 55, 0, 0, 0, 10, 0]
[]
[]
[0, 9, 0, 60, 0, 0, 0, 0, 0]
[0, 9, 0, 9, 0, 0, 0, 0, 0]
[]
[0, 9, 0, 9, 0, 0, 0, 0, 0]
[]
[]
[]
[]
[]
[]
[]
[]
[]
[]
[]
[]
[]
[]
[]
[]
[]
[]
[]
[]
[]
[]
[]
[]
[]
[]
[]
[]
[]
[]
[]
[]
[]
[]
[]
[]
[]
[]
[]
[]
[]
[]
[]
[]
[]
[]
[]
[]
[]
[]
[]
[]
[]
[]
[]
[]
[]
[]
[]
[]
[]
[]
[]
[]
[]
[]
[]
[]
[]
[]
[]
[]
[]
[]
[]
[0, 10, 0, 0, 7, 0, 0, 49, 0]
[]
[]
[0, 9, 0, 0, 0, 0, 0, 0, 0]
[]
[0, 0, 0, 0, 3, 0, 0, 0, 0]
[]
[]
[]
[]
[]
[]
[]
[]
[]
[]
[]
[]
[]
[]
[]
[]
[]
[]
[]
[]
[]
[]
[]
[]
[]
[]
[]
[]
[]
[]
[]
[]
[]
[]
[]
[]
[]
[]
[]
[]
[]
[]
[]
[]
[]
[]
[]
[]
[]
[]
[]
[]
[]
[]
[]
[]
[]
[]
[]
[]
[]
[]
[]
[]
[]
[]
[]
[]
[]
[]
[]
[]
[]
[]
[]
[0, 9, 0, 0, 0, 0, 0, 150, 0]
[]
[]
[]
[]
[]
[]
[]
[]
[]
[]
[]
[]
[]
[]
[]
[]
[]
[]
[]
[]
[]
[]
[]
[]
[]
[]
[]
[]
[]
[]
[]
[]
[]
[]
[]
[]
[]
[]
[]
[]
[]
[]
[]
[]
[]
[]
[]
[]
[]
[]
[]
[]
[]
[0, 9, 0, 0, 0, 0, 0, 54, 0]
[]
[]
[]
[]
[]
[]
[]
[]
[]
[]
[]
[]
[]
[]
[]
[]
[]
[]
[]
[]
[]
[]
[]
[]
[]
[0, 9, 0, 0, 0, 0, 0, 0, 0]
[0, 9, 0, 0, 0, 0, 0, 9, 0]
[]
[]
[0, 8, 0, 0, 0, 0, 0, 0, 0]
[]
[0, 8, 0, 0, 0, 0, 0, 0, 0]
[]
[]
[]
[]
[]
[]
[]
[]
[]
[]
[]
[]
[]
[]
[]
[]
[]
[]
[]
[]
[]
[]
[]
[]
[]
[]
[]
[]
[]
[]
[]
[]
[]
[]
[]
[]
[]
[]
[]
[]
[]
[]
[]
[]
[]
[]
[]
[]
[]
[]
[]
[]
[]
[]
[]
[]
[]
[]
[]
[]
[]
[]
[]
[]
[]
[]
[0, 4, 0, 0, 31, 0, 0, 4, 0]
[]
[]
[0, 0, 0, 0, 30, 0, 0, 0, 0]
[]
[0, 9, 0, 0, 9, 0, 0, 0, 0]
[0, 9, 0, 0, 9, 0, 0, 0, 0]
[]
[]
[]
[]
[]
[0, 9, 0, 0, 9, 0, 0, 0, 0]
[]
[]
[]
[]
[]
[]
[]
[]
[]
[]
[]
[]
[]
[]
[]
[]
[]
[]
[]
[]
[]
[]
[]
[]
[]
[]
[]
[]
[]
[]
[]
[]
[]
[]
[]
[]
[]
[]
[]
[]
[]
[]
[]
[]
[]
[]
[]
[]
[]
[]
[]
[]
[]
[]
[]
[]
[]
[]
[]
[]
[]
[]
[]
[]
[]
[]
[]
[]
[]
[]
[]
[]
[]
[]
[]
[]
[]
[0, 9, 0, 0, 0, 0, 0, 9, 0]
[]
[]
[0, 8, 0, 0, 0, 0, 0, 0, 0]
[]
[]
[]
[]
[]
[]
[]
[]
[]
[]
[]
[]
[]
[]
[]
[]
[]
[]
[]
[]
[]
[]
[]
[]
[]
[]
[]
[]
[]
[]
[]
[]
[]
[]
[]
[]
[]
[]
[]
[]
[]
[]
[]
[]
[]
[]
[]
[]
[]
[]
[]
[]
[]
[]
[]
[]
[]
[]
[]
[]
[]
[]
[]
[]
[]
[]
[]
[]
[]
[]
[]
[]
[]
[]
[]
[]
[]
[]
[]
[]
[]
[]
[]
[]
[]
[]
[]
[]
[]
[]
[]
[]
[]
[]
[]
[]
[]
[]
[]
[]
[]
[]
[]
[0, 12, 0, 9, 15, 15, 0, 18, 0]
[]
[]
[0, 14, 0, 8, 11, 8, 0, 0, 0]
[0, 11, 0, 11, 11, 11, 0, 0, 0]
[]
[0, 11, 0, 11, 11, 11, 0, 0, 0]
[]
[]
[]
[]
[]
[]
[]
[]
[]
[]
[]
[]
[]
[]
[]
[]
[]
[]
[]
[]
[]
[]
[]
[]
[0, 1, 0, 1, 369, 0, 0, 0, 0]
[]
[0, 7, 0, 7, 31, 0, 0, 0, 0]
[]
[]
[]
[]
[]
[]
[]
[]
[]
[]
[]
[]
[]
[]
[]
[]
[]
[]
[]
[]
[]
[]
[]
[]
[]
[]
[]
[]
[]
[]
[]
[]
[]
[]
[]
[]
[]
[]
[]
[]
[]
[]
[]
[]
[]
[]
[]
[]
[0, 11, 0, 11, 0, 11, 0, 11, 0]
[]
[]
[0, 28, 0, 1, 0, 79, 0, 0, 0]
[]
[]
[]
[]
[]
[]
[]
[]
[]
[]
[]
[]
[]
[]
[]
[]
[]
[]
[]
[]
[]
[]
[]
[]
[]
[]
[0, 6, 0, 0, 0, 0, 0, 0, 0]
[]
[]
[]
[]
[]
[]
[]
[]
[]
[]
[]
[]
[]
[]
[]
[]
[]
[]
[]
[]
[]
[]
[]
[]
[]
[]
[]
[]
[]
[]
[]
[]
[]
[]
[]
[]
[]
[]
[]
[]
[]
[]
[]
[]
[]
[]
[]
[]
[]
[]
[]
[]
[]
[]
[]
[]
[]
[]
[]
[]
[]
[]
[]
[]
[]
[]
[]
[]
[]
[]
[]
[]
[]
[]
[]
[]
[]
[]
[]
[]
[]
[]
[]
[]
[]
[]
[]
[]
[]
[]
[]
[]
[]
[]
[]
[]
[]
[]
[]
[]
[]
[]
[]
[]
[]
[]
[]
[]
[]
[]
[]
[]
[]
[]
[]
[]
[]
[]
[]
[]
[]
[]
[]
[]
[]
[]
[]
[]
[]
[]
[]
[0, 11, 0, 0, 11, 11, 0, 11, 0]
[]
[]
[0, 49, 0, 0, 34, 67, 0, 0, 0]
[]
[0, 4, 0, 0, 16, 7, 0, 0, 0]
[]
[]
[]
[]
[]
[]
[]
[]
[]
[]
[]
[]
[]
[]
[]
[]
[]
[]
[]
[]
[]
[0, 1, 0, 0, 37, 0, 0, 103, 0]
[]
[]
[0, 3, 0, 0, 108, 0, 0, 0, 0]
[]
[0, 0, 0, 0, 18, 0, 0, 0, 0]
[]
[]
[]
[]
[]
[]
[]
[]
[]
[]
[]
[]
[]
[]
[]
[]
[]
[]
[]
[]
[0, 7, 0, 0, 49, 0, 0, 7, 0]
[]
[]
[0, 3, 0, 0, 15, 0, 0, 0, 0]
[]
[]
[0, 9, 0, 0, 9, 0, 0, 0, 0]
[]
[]
[]
[]
[]
[]
[]
[]
[]
[]
[]
[]
[]
[]
[]
[]
[]
[]
[]
[]
[]
[0, 10, 0, 0, 0, 43, 0, 28, 0]
[]
[]
[0, 0, 0, 0, 0, 15, 0, 0, 0]
[]
[]
[]
[]
[]
[]
[]
[]
[]
[]
[]
[]
[]
[]
[]
[]
[]
[]
[]
[]
[]
[]
[]
[]
[]
[]
[]
[]
[]
[]
[]
[]
[]
[]
[]
[]
[]
[]
[]
[]
[]
[]
[]
[]
[]
[]
[]
[]
[]
[]
[]
[]
[]
[]
[]
[]
[]
[]
[]
[]
[]
[]
[]
[]
[]
[]
[]
[]
[]
[]
[]
[]
[]
[]
[]
[]
[]
[]
[]
[]
[]
[]
[]
[]
[]
[]
[]
[]
[]
[]
[]
[]
[]
[]
[]
[]
[]
[]
[]
[]
[]
[]
[]
[]
[]
[]
[]
[]
[]
[]
[]
[]
[]
[]
[]
[]
[]
[]
[]
[]
[]
[]
[]
[]
[]
[]
[]
[]
[]
[]
[]
[]
[]
[]
[]
[]
[]
[]
[]
[]
[]
[]
[]
[]
[]
[]
[]
[]
[]
[0, 11, 0, 0, 11, 11, 0, 11, 0]
[]
[]
[0, 19, 0, 0, 22, 31, 0, 0, 0]
[]
[0, 13, 0, 0, 10, 10, 0, 0, 0]
[]
[]
[]
[]
[]
[]
[]
[]
[]
[]
[]
[]
[]
[]
[]
[]
[]
[]
[]
[]
[]
[0, 10, 0, 0, 10, 0, 0, 10, 0]
[]
[]
[0, 9, 0, 0, 9, 0, 0, 0, 0]
[]
[0, 0, 0, 0, 9, 0, 0, 0, 0]
[0, 9, 0, 0, 9, 0, 0, 0, 0]
[]
[]
[]
[]
[0, 6, 0, 0, 12, 0, 0, 0, 0]
[0, 9, 0, 0, 9, 0, 0, 0, 0]
[]
[0, 9, 0, 0, 9, 0, 0, 0, 0]
[]
[]
[]
[]
[]
[]
[]
[]
[]
[]
[]
[]
[]
[]
[]
[]
[]
[0, 9, 0, 0, 9, 0, 0, 0, 0]
[]
[]
[]
[]
[]
[0, 9, 0, 0, 9, 0, 0, 0, 0]
[]
[]
[]
[]
[]
[]
[]
[]
[]
[]
[]
[]
[]
[]
[]
[0, 16, 0, 0, 0, 19, 0, 16, 0]
[]
[]
[0, 9, 0, 0, 0, 222, 0, 0, 0]
[]
[]
[0, 9, 0, 0, 0, 9, 0, 0, 0]
[]
[]
[]
[]
[]
[0, 9, 0, 0, 0, 9, 0, 0, 0]
[]
[]
[]
[]
[]
[]
[]
[]
[]
[]
[]
[]
[]
[]
[0, 9, 0, 0, 0, 0, 0, 9, 0]
[]
[]
[]
[]
[]
[0, 8, 0, 0, 0, 0, 0, 0, 0]
[]
[]
[0, 9, 0, 0, 0, 0, 0, 9, 0]
[]
[]
[0, 8, 0, 0, 0, 0, 0, 0, 0]
[]
[]
[]
[]
[]
[]
[]
[]
[]
[]
[]
[]
[]
[]
[]
[]
[]
[]
[]
[]
[]
[]
[]
[]
[]
[]
[]
[]
[]
[]
[]
[]
[]
[]
[]
[]
[]
[]
[]
[]
[]
[]
[]
[]
[0, 9, 0, 0, 0, 9, 0, 0, 0]
[]
[0, 9, 0, 0, 0, 9, 0, 0, 0]
[]
[]
[]
[]
[]
[]
[]
[]
[]
[]
[]
[]
[]
[]
[]
[]
[]
[]
[]
[]
[]
[0, 9, 0, 0, 0, 0, 0, 9, 0]
[]
[]
[0, 8, 0, 0, 0, 0, 0, 0, 0]
[]
[0, 8, 0, 0, 0, 0, 0, 0, 0]
[]
[]
[]
[]
[]
[]
[]
[]
[]
[]
[]
[]
[]
[]
[]
[]
[]
[]
[]
[]
[]
[]
[]
[]
[]
[]
[]
[]
[]
[]
[]
[]
[]
[]
[]
[]
[]
[]
[]
[]
[]
[]
[]
[]
[]
[]
[]
[]
[]
[]
[]
[]
[]
[]
[]
[]
[]
[]
[]
[]
[]
[]
[]
[]
[]
[]
[]
[]
[]
[]
[]
[]
[]
[]
[]
[]
[]
[]
[]
[]
[]
[]
[]
[]
[]
[]
[]
[]
[]
[]
[]
[]
[]
[]
[]
[]
[]
[]
[]
[]
[]
[]
[]
[]
[]
[]
[]
[]
[]
[]
[]
[]
[]
[]
[]
[]
[]
[]
[]
[]
[]
[]
[]
[]
[]
[]
[]
[]
[]
[]
[]
[]
[]
[]
[]
[]
[]
[]
[]
[]
[]
[]
[]
[]
[]
[]
[]
[]
[]
[]
[]
[]
[]
[]
[]
[]
[]
[]
[]
[]
[]
[]
[]
[]
[]
[]
[]
[]
[]
[]
[]
[]
[]
[]
[]
[]
[]
[]
[]
[]
[]
[]
[]
[]
[]
[]
[]
[]
[]
[]
[]
[]
[]
[]
[]
[]
[]
[]
[]
[]
[]
[]
[]
[]
[]
[]
[]
[]
[]
[]
[]
[]
[]
[]
[]
[]
[]
[]
[]
[]
[]
[]
[]
[]
[]
[]
[]
[]
[]
[]
[]
[]
[]
[]
[]
[]
[]
[]
[]
[]
[]
[]
[]
[]
[]
[]
[]
[]
[]
[]
[]
[]
[]
[]
[]
[]
[]
[]
[]
[]
[]
[]
[]
[]
[]
[]
[]
[]
[]
[]
[]
[]
[]
[]
[]
[]
[]
[]
[]
[]
[]
[]
[]
[]
[]
[]
[]
[]
[]
[]
[]
[]
[]
[]
[]
[]
[]
[]
[]
[]
[]
[]
[]
[]
[]
[]
[]
[]
[]
[]
[]
[]
[]
[]
[]
[]
[]
[]
[]
[]
[]
[]
[]
[]
[]
[]
[]
[]
[]
[]
[]
[]
[]
[]
[]
[]
[]
[]
[]
[]
[]
[]
[]
[]
[]
[]
[]
[]
[]
[]
[]
[]
[]
[]
[]
[]
[]
[]
[]
[]
[]
[]
[]
[]
[]
[]
[]
[]
[]
[]
[]
[]
[]
[]
[]
[]
[]
[]
[]
[]
[]
[]
[]
[]
[]
[]
[]
[]
[]
[]
[]
[]
[]
[]
[]
[]
[]
[]
[]
[]
[]
[]
[]
[]
[]
[]
[]
[]
[]
[]
[]
[]
[]
[]
[]
[]
[]
[]
[]
[]
[]
[]
[]
[]
[]
[]
[]
[]
[]
[]
[]
[]
[]
[]
[]
[]
[]
[]
[]
[]
[]
[]
[]
[]
[]
[]
[]
[]
[]
[]
[]
[]
[]
[]
[]
[]
[]
[]
[]
[]
[]
[]
[]
[]
[]
[]
[]
[]
[]
[]
[]
[]
[]
[]
[]
[]
[]
[]
[]
[]
[]
[]
[]
[]
[]
[]
[]
[]
[]
[]
[]
[]
[]
[]
[]
[]
[]
[]
[]
[]
[]
[]
[]
[]
[]
[]
[]
[]
[]
[]
[]
[]
[]
[]
[]
[]
[]
[]
[]
[]
[]
[]
[]
[]
[]
[]
[]
[]
[]
[]
[]
[]
[]
[]
[]
[]
[]
[]
[]
[]
[]
[]
[]
[]
[]
[]
[]
[]
[]
[]
[]
[]
[]
[]
[]
[]
[]
[]
[]
[]
[]
[]
[]
[]
[]
[]
[]
[]
[]
[]
[]
[]
[]
[]
[]
[]
[]
[]
[]
[]
[]
[]
[]
[]
[]
[]
[]
[]
[]
[]
[]
[]
[]
[]
[]
[]
[]
[]
[]
[]
[]
[]
[]
[]
[]
[]
[]
[]
[]
[]
[]
[]
[]
[]
[]
[]
[]
[]
[]
[]
[]
[]
[]
[]
[]
[]
[]
[]
[]
[]
[]
[]
[]
[]
[]
[]
[]
[]
[]
[]
[]
[]
[]
[]
[]
[]
[]
[]
[]
[]
[]
[]
[]
[]
[]
[]
[]
[]
[]
[]
[]
[]
[]
[]
[]
[]
[]
[]
[]
[]
[]
[]
[]
[]
[]
[]
[]
[]
[]
[]
[]
[]
[]
[]
[]
[]
[]
[]
[]
[]
[]
[]
[]
[]
[]
[]
[]
[]
[]
[]
[]
[]
[]
[]
[]
[]
[]
[]
[]
[]
[]
[]
[]
[]
[]
[]
[]
[]
[]
[]
[]
[]
[]
[]
[]
[]
[]
[]
[]
[]
[]
[]
[]
[]
[]
[]
[]
[]
[]
[]
[]
[]
[]
[]
[]
[]
[]
[]
[]
[]
[]
[]
[]
[]
[]
[]
[]
[]
[]
[]
[]
[]
[]
[]
[]
[]
[]
[]
[]
[]
[]
[]
[]
[]
[]
[]
[]
[]
[]
[]
[]
[]
[]
[]
[]
[]
[]
[]
[]
[]
[]
[]
[]
[]
[]
[]
[]
[]
[]
[]
[]
[]
[]
[]
[]
[]
[]
[]
[]
[]
[]
[]
[]
[]
[]
[]
[]
[]
[]
[]
[]
[]
[]
[]
[]
[]
[]
[]
[]
[]
[]
[]
[]
[]
[]
[]
[]
[]
[]
[]
[]
[]
[]
[]
[]
[]
[]
[]
[]
[]
[]
[]
[]
[]
[]
[]
[]
[]
[]
[]
[]
[]
[]
[]
[]
[]
[]
[]
[]
[]
[]
[]
[]
[]
[]
[]
[]
[]
[]
[]
[]
[]
[]
[]
[]
[]
[]
[]
[]
[]
[]
[]
[]
[]
[]
[]
[]
[]
[]
[]
[]
[]
[]
[]
[]
[]
[]
[]
[]
[]
[]
[]
[]
[]
[]
[]
[]
[]
[]
[]
[]
[]
[]
[]
[]
[]
[]
[]
[]
[]
[]
[]
[]
[]
[]
[]
[]
[]
[]
[]
[]
[]
[]
[]
[]
[]
[]
[]
[]
[]
[]
[]
[]
[]
[]
[]
[]
[]
[]
[]
[]
[]
[]
[]
[]
[]
[]
[]
[]
[]
[]
[]
[]
[]
[]
[]
[]
[]
[]
[]
[]
[]
[]
[]
[]
[]
[]
[]
[]
[]
[]
[]
[]
[]
[]
[]
[]
[]
[]
[]
[]
[]
[]
[]
[]
[]
[]
[]
[]
[]
[]
[]
[]
[]
[]
[]
[]
[]
[]
[]
[]
[]
[]
[]
[]
[]
[]
[]
[]
[]
[]
[]
[]
[]
[]
[]
[]
[]
[]
[]
[]
[]
[]
[]
[]
[]
[]
[]
[]
[]
[]
[]
[]
[]
[]
[]
[]
[]
[]
[]
[]
[]
[]
[]
[]
[]
[]
[]
[]
[]
[]
[]
[]
[]
[]
[]
[]
[]
[]
[]
[]
[]
[]
[]
[]
[]
[]
[]
[]
[]
[]
[]
[]
[]
[]
[]
[]
[]
[]
[]
[]
[]
[]
[]
[]
[]
[]
[]
[]
[]
[]
[]
[]
[]
[]
[]
[]
[]
[]
[]
[]
[]
[]
[]
[]
[]
[]
[]
[]
[]
[]
[]
[]
[]
[]
[]
[]
[]
[]
[]
[]
[]
[]
[]
[]
[]
[]
[]
[]
[]
[]
[]
[]
[]
[]
[]
[]
[]
[]
[]
[]
[]
[]
[]
[]
[]
[]
[]
[]
[]
[]
[]
[]
[]
[]
[]
[]
[]
[]
[]
[]
[]
[]
[]
[]
[]
[]
[]
[]
[]
[]
[]
[]
[]
[]
[]
[]
[]
[]
[]
[]
[]
[]
[]
[]
[]
[]
[]
[]
[]
[]
[]
[]
[]
[]
[]
[]
[]
[]
[]
[]
[]
[]
[]
[]
[]
[]
[]
[]
[]
[]
[]
[]
[]
[]
[]
[]
[]
[]
[]
[]
[]
[]
[]
[]
[]
[]
[]
[]
[]
[]
[]
[]
[]
[]
[]
[]
[]
[]
[]
[]
[]
[]
[]
[]
[]
[]
[]
[]
[]
[]
[]
[]
[]
[]
[]
[]
[]
[]
[]
[]
[]
[]
[]
[]
[]
[]
[]
[]
[]
[]
[]
[]
[]
[]
[]
[]
[]
[]
[]
[]
[]
[]
[]
[]
[]
[]
[]
[]
[]
[]
[]
[]
[]
[]
[]
[]
[]
[]
[]
[]
[]
[]
[]
[]
[]
[]
[]
[]
[]
[]
[]
[]
[]
[]
[]
[]
[]
[]
[]
[]
[]
[]
[]
[]
[]
[]
[]
[]
[]
[]
[]
[]
[]
[]
[]
[]
[]
[]
[]
[]
[]
[]
[]
[]
[]
[]
[]
[]
[]
[]
[]
[]
[]
[]
[]
[]
[]
[]
[]
[]
[]
[]
[]
[]
[]
[]
[]
[]
[]
[]
[]
[]
[]
[]
[]
[]
[]
[]
[]
[]
[]
[]
[]
[]
[]
[]
[]
[]
[]
[]
[]
[]
[]
[]
[]
[]
[]
[]
[]
[]
[]
[]
[]
[]
[]
[]
[]
[]
[]
[]
[]
[]
[]
[]
[]
[]
[]
[]
[]
[]
[]
[]
[]
[]
[]
[]
[]
[]
[]
[]
[]
[]
[]
[]
[]
[]
[]
[]
[]
[]
[]
[]
[]
[]
[]
[]
[]
[]
[]
[]
[]
[]
[]
[]
[]
[]
[]
[]
[]
[]
[]
[]
[]
[]
[]
[]
[]
[]
[]
[]
[]
[]
[]
[]
[]
[]
[]
[]
[]
[]
[]
[]
[]
[]
[]
[]
[]
[]
[]
[]
[]
[]
[]
[]
[]
[]
[]
[]
[]
[]
[]
[]
[]
[]
[]
[]
[]
[]
[]
[]
[]
[]
[]
[]
[]
[]
[]
[]
[]
[]
[]
[]
[]
[]
[]
[]
[]
[]
[]
[]
[]
[]
[]
[]
[]
[]
[]
[]
[]
[]
[]
[]
[]
[]
[]
[]
[]
[]
[]
[]
[]
[]
[]
[]
[]
[]
[]
[]
[]
[]
[]
[]
[]
[]
[]
[]
[]
[]
[]
[]
[]
[]
[]
[]
[]
[]
[]
[]
[]
[]
[]
[]
[]
[]
[]
[]
[]
[]
[]
[]
[]
[]
[]
[]
[]
[]
[]
[]
[]
[]
[]
[]
[]
[]
[]
[]
[]
[]
[]
[]
[]
[]
[]
[]
[]
[]
[]
[]
[]
[]
[]
[]
[]
[]
[]
[]
[]
[]
[]
[]
[]
[]
[]
[]
[]
[]
[]
[]
[]
[]
[]
[]
[]
[]
[]
[]
[]
[]
[]
[]
[]
[]
[]
[]
[]
[]
[]
[]
[]
[]
[]
[]
[]
[]
[]
[]
[]
[]
[]
[]
[]
[]
[]
[]
[]
[]
[]
[]
[]
[]
[]
[]
[]
[]
[]
[]
[]
[]
[]
[]
[]
[]
[]
[]
[]
[]
[]
[]
[]
[]
[]
[]
[]
[]
[]
[]
[]
[]
[]
[]
[]
[]
[]
[]
[]
[]
[]
[]
[]
[]
[]
[]
[]
[]
[]
[]
[]
[]
[]
[]
[]
[]
[]
[]
[]
[]
[]
[0, 0, 0, 0, 28, 25, 0, 46, 0]
[]
[]
[0, 0, 0, 0, 51, 96, 0, 0, 0]
[]
[]
[]
[]
[]
[]
[]
[]
[]
[]
[]
[]
[]
[]
[]
[]
[]
[]
[]
[]
[]
[]
[]
[]
[]
[]
[]
[]
[]
[]
[]
[]
[]
[]
[]
[]
[]
[]
[]
[]
[]
[]
[]
[]
[]
[]
[]
[]
[]
[]
[]
[]
[]
[]
[]
[0, 0, 0, 0, 8, 0, 0, 0, 0]
[]
[]
[]
[]
[]
[]
[]
[]
[]
[]
[]
[]
[]
[]
[]
[]
[]
[]
[]
[]
[]
[0, 0, 0, 0, 0, 39, 0, 27, 0]
[]
[]
[]
[]
[]
[]
[]
[]
[]
[]
[]
[]
[]
[]
[]
[]
[]
[]
[]
[]
[]
[]
[]
[]
[]
[]
[]
[]
[]
[]
[]
[]
[]
[]
[]
[]
[]
[]
[]
[]
[]
[]
[]
[]
[]
[]
[]
[]
[]
[]
[]
[]
[]
[]
[]
[]
[]
[]
[]
[]
[]
[]
[]
[]
[]
[]
[]
[]
[]
[]
[]
[]
[]
[]
[]
[]
[]
[]
[]
[]
[]
[]
[]
[]
[]
[]
[]
[]
[]
[]
[]
[]
[]
[]
[]
[]
[]
[]
[]
[]
[]
[]
[]
[]
[]
[]
[]
[]
[]
[]
[]
[]
[]
[]
[]
[]
[]
[]
[]
[]
[]
[]
[]
[]
[]
[]
[]
[]
[]
[]
[]
[]
[]
[]
[]
[]
[]
[]
[]
[]
[]
[]
[]
[]
[]
[]
[]
[]
[]
[]
[]
[]
[]
[]
[]
[0, 0, 0, 0, 9, 99, 0, 0, 0]
[]
[]
[0, 0, 0, 0, 9, 9, 0, 0, 0]
[]
[]
[]
[]
[]
[0, 0, 0, 0, 9, 9, 0, 0, 0]
[]
[]
[]
[]
[]
[]
[]
[]
[]
[]
[]
[]
[]
[]
[]
[]
[]
[]
[]
[]
[0, 0, 0, 0, 8, 0, 0, 0, 0]
[]
[]
[0, 0, 0, 0, 9, 0, 0, 9, 0]
[]
[]
[0, 0, 0, 0, 8, 0, 0, 0, 0]
[]
[0, 0, 0, 0, 8, 0, 0, 0, 0]
[]
[]
[]
[]
[]
[]
[]
[]
[]
[]
[]
[]
[]
[]
[]
[]
[]
[0, 0, 0, 0, 8, 0, 0, 0, 0]
[]
[]
[]
[]
[]
[0, 0, 0, 0, 8, 0, 0, 0, 0]
[]
[]
[]
[]
[]
[]
[]
[]
[]
[]
[]
[]
[]
[]
[]
[]
[]
[]
[]
[]
[]
[0, 0, 0, 0, 0, 8, 0, 0, 0]
[]
[]
[0, 0, 0, 0, 0, 9, 0, 9, 0]
[]
[]
[]
[]
[]
[]
[]
[]
[]
[]
[]
[]
[]
[]
[]
[]
[]
[]
[]
[]
[]
[]
[]
[]
[]
[]
[0, 0, 0, 0, 0, 0, 0, 8, 0]
[]
[]
[]
[]
[]
[]
[]
[]
[]
[]
[]
[]
[]
[]
[]
[]
[]
[]
[]
[]
[]
[]
[]
[]
[]
[]
[]
[]
[]
[]
[]
[]
[]
[]
[]
[]
[]
[]
[]
[]
[]
[]
[]
[]
[]
[]
[]
[0, 0, 0, 0, 0, 8, 0, 0, 0]
[]
[]
[]
[]
[]
[]
[]
[]
[]
[]
[]
[]
[]
[]
[]
[]
[]
[]
[]
[]
[]
[]
[]
[]
[]
[]
[]
[]
[]
[]
[]
[]
[]
[]
[]
[]
[]
[]
[]
[]
[]
[]
[]
[]
[]
[]
[]
[]
[]
[]
[]
[]
[]
[]
[]
[]
[]
[]
[]
[]
[]
[]
[]
[]
[]
[]
[]
[]
[]
[]
[]
[]
[]
[]
[]
[]
[]
[]
[]
[]
[]
[]
[]
[]
[]
[]
[]
[]
[]
[]
[]
[]
[]
[]
[]
[]
[]
[]
[]
[]
[]
[]
[]
[]
[]
[]
[]
[]
[]
[]
[]
[]
[]
[]
[]
[]
[]
[]
[]
[]
[]
[]
[]
[]
[]
[]
[]
[]
[]
[]
[]
[]
[]
[]
[]
[]
[]
[]
[]
[]
[]
[]
[]
[]
[]
[]
[]
[]
[]
[]
[]
[]
[]
[]
[]
[]
[]
[]
[]
[]
[]
[]
[]
[]
[]
[]
[]
[]
[]
[]
[]
[]
[]
[]
[]
[]
[]
[]
[]
[]
[]
[]
[]
[]
[]
[]
[]
[]
[]
[]
[]
[]
[]
[]
[]
[]
[]
[]
[]
[]
[]
[]
[]
[]
[]
[]
[]
[]
[]
[]
[]
[]
[]
[]
[]
[]
[]
[]
[]
[]
[]
[]
[]
[]
[]
[]
[]
[]
[]
[]
[]
[]
[]
[]
[]
[]
[]
[]
[]
[]
[]
[]
[]
[]
[]
[]
[]
[]
[]
[]
[]
[]
[]
[]
[]
[]
[]
[]
[]
[]
[]
[]
[]
[]
[]
[]
[]
[]
[]
[]
[]
[]
[]
[]
[]
[]
[]
[]
[]
[]
[]
[]
[]
[]
[]
[]
[]
[]
[]
[]
[]
[]
[]
[]
[]
[]
[]
[]
[]
[]
[]
[]
[]
[]
[]
[]
[]
[]
[]
[]
[]
[]
[]
[]
[]
[]
[]
[]
[]
[]
[]
[]
[]
[]
[]
[]
[]
[]
[]
[]
[]
[]
[]
[]
[]
[]
[]
[]
[]
[]
[]
[]
[]
[]
[]
[]
[]
[]
[]
[]
[]
[]
[]
[]
[]
[]
[]
[]
[]
[]
[]
[]
[]
[]
[]
[]
[]
[]
[]
[]
[]
[]
[]
[]
[]
[]
[]
[]
[]
[]
[]
[]
[]
[]
[]
[]
[]
[]
[]
[]
[]
[]
[]
[]
[]
[]
[]
[]
[]
[]
[]
[]
[]
[]
[]
[]
[]
[]
[]
[]
[]
[]
[]
[]
[]
[]
[]
[]
[]
[]
[]
[]
[]
[]
[]
[]
[]
[]
[]
[]
[]
[]
[]
[]
[]
[]
[]
[]
[]
[]
[]
[]
[]
[]
[]
[]
[]
[]
[]
[]
[]
[]
[]
[]
[]
[]
[]
[]
[]
[]
[]
[]
[]
[]
[]
[]
[]
[]
[]
[]
[]
[]
[]
[]
[]
[]
[]
[]
[]
[]
[]
[]
[]
[]
[]
[]
[]
[]
[]
[]
[]
[]
[]
[]
[]
[]
[]
[]
[]
[]
[]
[]
[]
[]
[]
[]
[]
[]
[]
[]
[]
[]
[]
[]
[]
[]
[]
[]
[]
[]
[]
[]
[]
[]
[]
[]
[]
[]
[]
[]
[]
[]
[]
[]
[]
[]
[]
[]
[]
[]
[]
[]
[]
[]
[]
[]
[]
[]
[]
[]
[]
[]
[]
[]
[]
[]
[]
[]
[]
[]
[]
[]
[]
[]
[]
[]
[]
[]
[]
[]
[]
[]
[]
[]
[]
[]
[]
[]
[]
[]
[]
[]
[]
[]
[]
[]
[]
[]
[]
[]
[]
[]
[]
[]
[]
[]
[]
[]
[]
[]
[]
[]
[]
[]
[]
[]
[]
[]
[]
[]
[]
[]
[]
[]
[]
[]
[]
[]
[]
[]
[]
[]
[]
[]
[]
[]
[]
[]
[]
[]
[]
[]
[]
[]
[]
[]
[]
[]
[]
[]
[]
[]
[]
[]
[]
[]
[]
[]
[]
[]
[]
[]
[]
[]
[]
[]
[]
[]
[]
[]
[]
[]
[]
[]
[]
[]
[]
[]
[]
[]
[]
[]
[]
[]
[]
[]
[]
[]
[]
[]
[]
[]
[]
[]
[]
[]
[]
[]
[]
[]
[]
[]
[]
[]
[]
[]
[]
[]
[]
[]
[]
[]
[]
[]
[]
[]
[]
[]
[]
[]
[]
[]
[]
[]
[]
[]
[]
[]
[]
[]
[]
[]
[]
[]
[]
[]
[]
[]
[]
[]
[]
[]
[]
[]
[]
[]
[]
[]
[]
[]
[]
[]
[]
[]
[]
[]
[]
[]
[]
[]
[]
[]
[]
[]
[]
[]
[]
[]
[]
[]
[]
[]
[]
[]
[]
[]
[]
[]
[]
[]
[]
[]
[]
[]
[]
[]
[]
[]
[]
[]
[]
[]
[]
[]
[]
[]
[]
[]
[]
[]
[]
[]
[]
[]
[]
[]
[]
[]
[]
[]
[]
[]
[]
[]
[]
[]
[]
[]
[]
[]
[]
[]
[]
[]
[]
[]
[]
[]
[]
[]
[]
[]
[]
[]
[]
[]
[]
[]
[]
[]
[]
[]
[]
[]
[]
[]
[]
[]
[]
[]
[]
[]
[]
[]
[]
[]
[]
[]
[]
[]
[]
[]
[]
[]
[]
[]
[]
[]
[]
[]
[]
[]
[]
[]
[]
[]
[]
[]
[]
[]
[]
[]
[]
[]
[]
[]
[]
[]
[]
[]
[]
[]
[]
[]
[]
[]
[]
[]
[]
[]
[]
[]
[]
[]
[]
[]
[]
[]
[]
[]
[]
[]
[]
[]
[]
[]
[]
[]
[]
[]
[]
[]
[]
[]
[]
[]
[]
[]
[]
[]
[]
[]
[]
[]
[]
[]
[]
[]
[]
[]
[]
[]
[]
[]
[]
[]
[]
[]
[]
[]
[]
[]
[]
[]
[]
[]
[]
[]
[]
[]
[]
[]
[]
[]
[]
[]
[]
[]
[]
[]
[]
[]
[]
[]
[]
[]
[]
[]
[]
[]
[]
[]
[]
[]
[]
[]
[]
[]
[]
[]
[]
[]
[]
[]
[]
[]
[]
[]
[]
[]
[]
[]
[]
[]
[]
[]
[]
[]
[]
[]
[]
[]
[]
[]
[]
[]
[]
[]
[]
[]
[]
[]
[]
[]
[]
[]
[]
[]
[]
[]
[]
[]
[]
[]
[]
[]
[]
[]
[]
[]
[]
[]
[]
[]
[]
[]
[]
[]
[]
[]
[]
[]
[]
[]
[]
[]
[]
[]
[]
[]
[]
[]
[]
[]
[]
[]
[]
[]
[]
[]
[]
[]
[]
[]
[]
[]
[]
[]
[]
[]
[]
[]
[]
[]
[]
[]
[]
[]
[]
[]
[]
[]
[]
[]
[]
[]
[]
[]
[]
[]
[]
[]
[]
[]
[]
[]
[]
[]
[]
[]
[]
[]
[]
[]
[]
[]
[]
[]
[]
[]
[]
[]
[]
[]
[]
[]
[]
[]
[]
[]
[]
[]
[]
[]
[]
[]
[]
[]
[]
[]
[]
[]
[]
[]
[]
[]
[]
[]
[]
[]
[]
[]
[]
[]
[]
[]
[]
[]
[]
[]
[]
[]
[]
[]
[]
[]
[]
[]
[]
[]
[]
[]
[]
[]
[]
[]
[]
[]
[]
[]
[]
[]
[]
[]
[]
[]
[]
[]
[]
[]
[]
[]
[]
[]
[]
[]
[]
[]
[]
[]
[]
[]
[]
[]
[]
[]
[]
[]
[]
[]
[]
[]
[]
[]
[]
[]
[]
[]
[]
[]
[]
[]
[]
[]
[]
[]
[]
[]
[]
[]
[]
[]
[]
[]
[]
[]
[]
[]
[]
[]
[]
[]
[]
[]
[]
[]
[]
[]
[]
[]
[]
[]
[]
[]
[]
[]
[]
[]
[]
[]
[]
[]
[]
[]
[]
[]
[]
[]
[]
[]
[]
[]
[]
[]
[]
[]
[]
[]
[]
[]
[]
[]
[]
[]
[]
[]
[]
[]
[]
[]
[]
[]
[]
[]
[]
[]
[]
[]
[]
[]
[]
[]
[]
[]
[]
[]
[]
[]
[]
[]
[]
[]
[]
[]
[]
[]
[]
[]
[]
[]
[]
[]
[]
[]
[]
[]
[]
[]
[]
[]
[]
[]
[]
[]
[]
[]
[]
[]
[]
[]
[]
[]
[]
[]
[]
[]
[]
[]
[]
[]
[]
[]
[]
[]
[]
[]
[]
[]
[]
[]
[]
[0, 0, 0, 0, 8, 0, 0, 0, 0]
[]
[]
[]
[]
[]
[]
[]
[]
[]
[]
[]
[]
[]
[]
[]
[]
[]
[]
[]
[]
[]
[]
[]
[]
[]
[]
[]
[]
[]
[]
[]
[]
[]
[]
[]
[]
[]
[]
[]
[]
[]
[]
[]
[]
[]
[]
[]
[]
[]
[]
[]
[]
[]
[]
[]
[]
[]
[]
[]
[]
[]
[]
[]
[]
[]
[]
[]
[]
[]
[]
[]
[]
[]
[]
[]
[]
[]
[]
[]
[]
[]
[]
[]
[]
[]
[]
[]
[]
[]
[]
[]
[]
[]
[]
[]
[]
[]
[]
[]
[]
[]
[]
[]
[]
[]
[]
[]
[]
[]
[]
[]
[]
[]
[]
[]
[]
[]
[]
[]
[]
[]
[]
[]
[]
[]
[]
[]
[]
[]
[]
[]
[]
[]
[]
[]
[]
[]
[]
[]
[]
[]
[]
[]
[]
[]
[]
[]
[]
[]
[]
[]
[]
[]
[]
[]
[]
[]
[]
[]
[]
[]
[]
[]
[]
[]
[]
[]
[]
[]
[]
[]
[]
[]
[]
[]
[]
[]
[]
[]
[]
[]
[]
[]
[]
[]
[]
[]
[]
[]
[]
[]
[]
[]
[]
[]
[]
[]
[]
[]
[]
[]
[]
[]
[]
[]
[]
[]
[]
[]
[]
[]
[]
[]
[]
[]
[]
[]
[]
[]
[]
[]
[]
[]
[]
[]
[]
[]
[]
[]
[]
[]
[]
[]
[]
[]
[]
[]
[]
[]
[]
[]
[]
[]
[]
[]
[]
[]
[]
[]
[]
[]
[]
[]
[]
[]
[]
[]
[]
[]
[]
[]
[]
[]
[]
[]
[]
[]
[]
[]
[]
[]
[]
[]
[]
[]
[]
[]
[]
[]
[]
[]
[]
[]
[]
[]
[]
[]
[]
[]
[]
[]
[]
[]
[]
[]
[]
[]
[]
[]
[]
[]
[]
[]
[]
[]
[]
[]
[]
[]
[]
[]
[]
[]
[]
[]
[]
[]
[]
[]
[]
[]
[]
[]
[]
[]
[]
[]
[]
[]
[]
[]
[]
[]
[]
[]
[]
[]
[]
[]
[]
[]
[]
[]
[]
[]
[]
[]
[]
[]
[]
[]
[]
[]
[]
[]
[]
[]
[]
[]
[]
[]
[]
[]
[]
[]
[]
[]
[]
[]
[]
[]
[]
[]
[]
[]
[]
[]
[]
[]
[]
[]
[]
[]
[]
[]
[]
[]
[]
[]
[]
[]
[]
[]
[]
[]
[]
[]
[]
[]
[]
[]
[]
[]
[]
[]
[]
[]
[]
[]
[]
[]
[]
[]
[]
[]
[]
[]
[]
[]
[]
[]
[]
[]
[]
[]
[]
[]
[]
[]
[]
[]
[]
[]
[]
[]
[]
[]
[]
[]
[]
[]
[]
[]
[]
[]
[]
[]
[]
[]
[]
[]
[]
[]
[]
[]
[]
[]
[]
[]
[]
[]
[]
[]
[]
[]
[]
[]
[]
[]
[]
[]
[]
[]
[]
[]
[]
[]
[]
[]
[]
[]
[]
[]
[]
[]
[]
[]
[]
[]
[]
[]
[]
[]
[]
[]
[]
[]
[]
[]
[]
[]
[]
[]
[]
[]
[]
[]
[]
[]
[]
[]
[]
[]
[]
[]
[]
[]
[]
[]
[]
[]
[]
[]
[]
[]
[]
[]
[]
[]
[]
[]
[]
[]
[]
[]
[]
[]
[]
[]
[]
[]
[]
[]
[]
[]
[]
[]
[]
[]
[]
[]
[]
[]
[]
[]
[]
[]
[]
[]
[]
[]
[]
[]
[]
[]
[]
[]
[]
[]
[]
[]
[]
[]
[]
[]
[]
[]
[]
[]
[]
[]
[]
[]
[]
[]
[]
[]
[]
[]
[]
[]
[]
[]
[]
[]
[]
[]
[]
[]
[]
[]
[]
[]
[]
[]
[]
[]
[]
[]
[]
[]
[]
[]
[]
[]
[]
[]
[]
[]
[]
[]
[]
[]
[]
[]
[]
[]
[]
[]
[]
[]
[]
[]
[]
[]
[]
[]
[]
[]
[]
[]
[]
[]
[]
[]
[]
[]
[]
[]
[]
[]
[]
[]
[]
[]
[]
[]
[]
[]
[]
[]
[]
[]
[]
[]
[]
[]
[]
[]
[]
[]
[]
[]
[]
[]
[]
[]
[]
[]
[]
[]
[]
[]
[]
[]
[]
[]
[]
[]
[]
[]
[]
[]
[]
[]
[]
[]
[]
[]
[]
[]
[]
[]
[]
[]
[]
[]
[]
[]
[]
[]
[]
[]
[]
[]
[]
[]
[]
[]
[]
[]
[]
[]
[]
[]
[]
[]
[]
[]
[]
[]
[]
[]
[]
[]
[]
[]
[]
[]
[]
[]
[]
[]
[]
[]
[]
[]
[]
[]
[]
[]
[]
[]
[]
[]
[]
[]
[]
[]
[]
[]
[]
[]
[]
[]
[]
[]
[]
[]
[]
[]
[]
[]
[]
[]
[]
[]
[]
[]
[]
[]
[]
[]
[]
[]
[]
[]
[]
[]
[]
[]
[]
[]
[]
[]
[]
[]
[]
[]
[]
[]
[]
[]
[]
[]
[]
[]
[]
[]
[]
[]
[]
[]
[]
[]
[]
[]
[]
[]
[]
[]
[]
[]
[]
[]
[]
[]
[]
[]
[]
[]
[]
[]
[]
[]
[]
[]
[]
[]
[]
[]
[]
[]
[]
[]
[]
[]
[]
[]
[]
[]
[]
[]
[]
[]
[]
[]
[]
[]
[]
[]
[]
[]
[]
[]
[]
[]
[]
[]
[]
[]
[]
[]
[]
[]
[]
[]
[]
[]
[]
[]
[]
[]
[]
[]
[]
[]
[]
[]
[]
[]
[]
[]
[]
[]
[]
[]
[]
[]
[]
[]
[]
[]
[]
[]
[]
[]
[]
[]
[]
[]
[]
[]
[]
[]
[]
[]
[]
[]
[]
[]
[]
[]
[]
[]
[]
[]
[]
[]
[]
[]
[]
[]
[]
[]
[]
[]
[]
[]
[]
[]
[]
[]
[]
[]
[]
[]
[]
[]
[]
[]
[]
[]
[]
[]
[]
[]
[]
[]
[]
[]
[]
[]
[]
[]
[]
[]
[]
[]
[]
[]
[]
[]
[]
[]
[]
[]
[]
[]
[]
[]
[]
[]
[]
[]
[]
[]
[]
[]
[]
[]
[]
[]
[]
[]
[]
[]
[]
[]
[]
[]
[]
[]
[]
[]
[]
[]
[]
[]
[]
[]
[]
[]
[]
[]
[]
[]
[]
[]
[]
[]
[]
[]
[]
[]
[]
[]
[]
[]
[]
[]
[]
[]
[]
[]
[]
[]
[]
[]
[]
[]
[]
[]
[]
[]
[]
[]
[]
[]
[]
[]
[]
[]
[]
[]
[]
[]
[]
[]
[]
[]
[]
[]
[]
[]
[]
[]
[]
[]
[]
[]
[]
[]
[]
[]
[]
[]
[]
[]
[]
[]
[]
[]
[]
[]
[]
[]
[]
[]
[]
[]
[]
[]
[]
[]
[]
[]
[]
[]
[]
[]
[]
[]
[]
[]
[]
[]
[]
[]
[]
[]
[]
[]
[]
[]
[]
[]
[]
[]
[]
[]
[]
[]
[]
[]
[]
[]
[]
[]
[]
[]
[]
[]
[]
[]
[]
[]
[]
[]
[]
[]
[]
[]
[]
[]
[]
[]
[]
[]
[]
[]
[]
[]
[]
[]
[]
[]
[]
[]
[]
[]
[]
[]
[]
[]
[]
[]
[]
[]
[]
[]
[]
[]
[]
[]
[]
[]
[]
[]
[]
[]
[]
[]
[]
[]
[]
[]
[]
[]
[]
[]
[]
[]
[]
[]
[]
[]
[]
[]
[]
[]
[]
[]
[]
[]
[]
[]
[]
[]
[]
[]
[]
[]
[]
[]
[]
[]
[]
[]
[]
[]
[]
[]
[]
[]
[]
[]
[]
[]
[]
[]
[]
[]
[]
[]
[]
[]
[]
[]
[]
[]
[]
[]
[]
[]
[]
[]
[]
[]
[]
[]
[]
[]
[]
[]
[]
[]
[]
[]
[]
[]
[]
[]
[]
[]
[]
[]
[]
[]
[]
[]
[]
[]
[]
[]
[]
[]
[]
[]
[]
[]
[]
[]
[]
[]
[]
[]
[]
[]
[]
[]
[]
[]
[]
[]
[]
[]
[]
[]
[]
[]
[]
[]
[]
[]
[]
[]
[]
[]
[]
[]
[]
[]
[]
[]
[]
[]
[]
[]
[]
[]
[]
[]
[]
[]
[]
[]
[]
[]
[]
[]
[]
[]
[]
[]
[]
[]
[]
[]
[]
[]
[]
[]
[]
[]
[]
[]
[]
[]
[]
[]
[]
[]
[]
[]
[]
[]
[]
[]
[]
[]
[]
[]
[]
[]
[]
[]
[]
[]
[]
[]
[]
[]
[]
[]
[]
[]
[]
[]
[]
[]
[]
[]
[]
[]
[]
[]
[]
[]
[]
[]
[]
[]
[]
[]
[]
[]
[]
[]
[]
[]
[]
[]
[]
[]
[]
[]
[]
[]
[]
[]
[]
[]
[]
[]
[]
[]
[]
[]
[]
[]
[]
[]
[]
[]
[]
[]
[]
[]
[]
[]
[]
[]
[]
[]
[]
[]
[]
[]
[]
[]
[]
[]
[]
[]
[]
[]
[]
[]
[]
[]
[]
[]
[]
[]
[]
[]
[]
[]
[]
[]
[]
[]
[]
[]
[]
[]
[]
[]
[]
[]
[]
[]
[]
[]
[]
[]
[]
[]
[]
[]
[]
[]
[]
[]
[]
[]
[]
[]
[]
[]
[]
[]
[]
[]
[]
[]
[]
[]
[]
[]
[]
[]
[]
[]
[]
[]
[]
[]
[]
[]
[]
[]
[]
[]
[]
[]
[]
[]
[]
[]
[]
[]
[]
[]
[]
[]
[]
[]
[]
[]
[]
[]
[]
[]
[]
[]
[]
[]
[]
[]
[]
[]
[]
[]
[]
[]
[]
[]
[]
[]
[]
[]
[]
[]
[]
[]
[]
[]
[]
[]
[]
[]
[]
[]
[]
[]
[]
[]
[]
[]
[]
[]
[]
[]
[]
[]
[]
[]
[]
[]
[]
[]
[]
[]
[]
[]
[]
[]
[]
[]
[]
[]
[]
[]
[]
[]
[]
[]
[]
[]
[]
[]
[]
[]
[]
[]
[]
[]
[]
[]
[]
[]
[]
[]
[]
[]
[]
[]
[]
[]
[]
[]
[]
[]
[]
[]
[]
[]
[]
[]
[]
[]
[]
[]
[]
[]
[]
[]
[]
[]
[]
[]
[]
[]
[]
[]
[]
[]
[]
[]
[]
[]
[]
[]
[]
[]
[]
[]
[]
[]
[]
[]
[]
[]
[]
[]
[]
[]
[]
[]
[]
[]
[]
[]
[]
[]
[]
[]
[]
[]
[]
[]
[]
[]
[]
[]
[]
[]
[]
[]
[]
[]
[]
[]
[]
[]
[]
[]
[]
[]
[]
[]
[]
[]
[]
[]
[]
[]
[]
[]
[]
[]
[]
[]
[]
[]
[]
[]
[]
[]
[]
[]
[]
[]
[]
[]
[]
[]
[]
[]
[]
[]
[]
[]
[]
[]
[]
[]
[]
[]
[]
[]
[]
[]
[]
[]
[]
[]
[]
[]
[]
[]
[]
[]
[]
[]
[]
[]
[]
[]
[]
[]
[]
[]
[]
[]
[]
[]
[]
[]
[]
[]
[]
[]
[]
[]
[]
[]
[]
[]
[]
[]
[]
[]
[]
[]
[]
[]
[]
[]
[]
[]
[]
[]
[]
[]
[]
[]
[]
[]
[]
[]
[]
[]
[]
[]
[]
[]
[]
[]
[]
[]
[]
[]
[]
[]
[]
[]
[]
[]
[]
[]
[]
[]
[]
[]
[]
[]
[]
[]
[]
[]
[]
[]
[]
[]
[]
[]
[]
[]
[]
[]
[]
[]
[]
[]
[]
[]
[]
[]
[]
[]
[]
[]
[]
[]
[]
[]
[]
[]
[]
[]
[]
[]
[]
[]
[]
[]
[]
[]
[]
[]
[]
[]
[]
[]
[]
[]
[]
[]
[]
[]
[]
[]
[]
[]
[]
[]
[]
[]
[]
[]
[]
[]
[]
[]
[]
[]
[]
[]
[]
[]
[]
[]
[]
[]
[]
[]
[]
[]
[]
[]
[]
[]
[]
[]
[]
[]
[]
[]
[]
[]
[]
[]
[]
[]
[]
[]
[]
[]
[]
[]
[]
[]
[]
[]
[]
[]
[]
[]
[]
[]
[]
[]
[]
[]
[]
[]
[]
[]
[]
[]
[]
[]
[]
[]
[]
[]
[]
[]
[]
[]
[]
[]
[]
[]
[]
[]
[]
[]
[]
[]
[]
[]
[]
[]
[]
[]
[]
[]
[]
[]
[]
[]
[]
[]
[]
[]
[]
[]
[]
[]
[]
[]
[]
[]
[]
[]
[]
[]
[]
[]
[]
[]
[]
[]
[]
[]
[]
[]
[]
[]
[]
[]
[]
[]
[]
[]
[]
[]
[]
[]
[]
[]
[]
[]
[]
[]
[]
[]
[]
[]
[]
[]
[]
[]
[]
[]
[]
[]
[]
[]
[]
[]
[]
[]
[]
[]
[]
[]
[]
[]
[]
[]
[]
[]
[]
[]
[]
[]
[]
[]
[]
[]
[]
[]
[]
[]
[]
[]
[]
[]
[]
[]
[]
[]
[]
[]
[]
[]
[]
[]
[]
[]
[]
[]
[]
[]
[]
[]
[]
[]
[]
[]
[]
[]
[]
[]
[]
[]
[]
[]
[]
[]
[]
[]
[]
[]
[]
[]
[]
[]
[]
[]
[]
[]
[]
[]
[]
[]
[]
[]
[]
[]
[]
[]
[]
[]
[]
[]
[]
[]
[]
[]
[]
[]
[]
[]
[]
[]
[]
[]
[]
[]
[]
[]
[]
[]
[]
[]
[]
[]
[]
[]
[]
[]
[]
[]
[]
[]
[]
[]
[]
[]
[]
[]
[]
[]
[]
[]
[]
[]
[]
[]
[]
[]
[]
[]
[]
[]
[]
[]
[]
[]
[]
[]
[]
[]
[]
[]
[]
[]
[]
[]
[]
[]
[]
[]
[]
[]
[]
[]
[]
[]
[]
[]
[]
[]
[]
[]
[]
[]
[]
[]
[]
[]
[]
[]
[]
[]
[]
[]
[]
[]
[]
[]
[]
[]
[]
[]
[]
[]
[]
[]
[]
[]
[]
[]
[]
[]
[]
[]
[]
[]
[]
[]
[]
[]
[]
[]
[]
[]
[]
[]
[]
[]
[]
[]
[]
[]
[]
[]
[]
[]
[]
[]
[]
[]
[]
[]
[]
[]
[]
[]
[]
[]
[]
[]
[]
[]
[]
[]
[]
[]
[]
[]
[]
[]
[]
[]
[]
[]
[]
[]
[]
[]
[]
[]
[]
[]
[]
[]
[]
[]
[]
[]
[]
[]
[]
[]
[]
[]
[]
[]
[]
[]
[]
[]
[]
[]
[]
[]
[]
[]
[]
[]
[]
[]
[]
[]
[]
[]
[]
[]
[]
[]
[]
[]
[]
[]
[]
[]
[]
[]
[]
[]
[]
[]
[]
[]
[]
[]
[]
[]
[]
[]
[]
[]
[]
[]
[]
[]
[]
[]
[]
[]
[]
[]
[]
[]
[]
[]
[]
[]
[]
[]
[]
[]
[]
[]
[]
[]
[]
[]
[]
[]
[]
[]
[]
[]
[]
[]
[]
[]
[]
[]
[]
[]
[]
[]
[]
[]
[]
[]
[]
[]
[]
[]
[]
[]
[]
[]
[]
[]
[]
[]
[]
[]
[]
[]
[]
[]
[]
[]
[]
[]
[]
[]
[]
[]
[]
[]
[]
[]
[]
[]
[]
[]
[]
[]
[]
[]
[]
[]
[]
[]
[]
[]
[]
[]
[]
[]
[]
[]
[]
[]
[]
[]
[]
[]
[]
[]
[]
[]
[]
[]
[]
[]
[]
[]
[]
[]
[]
[]
[]
[]
[]
[]
[]
[]
[]
[]
[]
[]
[]
[]
[]
[]
[]
[0, 9, 0, 9, 0, 0, 0, 0, 0]
[]
[]
[]
[]
[]
[]
[]
[]
[]
[]
[]
[]
[]
[]
[]
[]
[]
[]
[]
[]
[]
[]
[]
[]
[]
[]
[]
[]
[]
[]
[]
[]
[]
[]
[]
[]
[]
[]
[]
[]
[]
[]
[]
[]
[]
[]
[]
[]
[]
[]
[]
[]
[]
[]
[]
[]
[]
[]
[]
[]
[]
[]
[]
[]
[]
[]
[]
[]
[]
[]
[]
[]
[]
[]
[]
[]
[]
[]
[]
[]
[]
[]
[]
[]
[]
[]
[]
[]
[]
[]
[]
[]
[]
[]
[]
[]
[]
[]
[]
[]
[]
[]
[]
[]
[]
[]
[]
[]
[]
[]
[]
[]
[]
[]
[]
[]
[]
[]
[]
[]
[]
[]
[]
[]
[]
[]
[]
[]
[]
[]
[]
[]
[]
[]
[]
[]
[]
[]
[]
[]
[]
[]
[]
[]
[]
[]
[]
[]
[]
[]
[]
[]
[]
[]
[]
[]
[]
[]
[]
[]
[]
[0, 9, 0, 0, 9, 0, 0, 0, 0]
[]
[]
[]
[]
[]
[]
[]
[]
[]
[]
[]
[]
[]
[]
[]
[]
[]
[]
[]
[]
[]
[]
[]
[]
[]
[]
[]
[]
[]
[]
[]
[]
[]
[]
[]
[]
[]
[]
[]
[]
[]
[]
[]
[]
[]
[]
[]
[]
[]
[]
[]
[]
[]
[]
[]
[]
[]
[]
[]
[]
[]
[]
[]
[]
[]
[]
[]
[]
[]
[]
[]
[]
[]
[]
[]
[]
[]
[]
[]
[]
[]
[]
[]
[]
[]
[]
[]
[]
[]
[]
[]
[]
[]
[]
[]
[]
[]
[]
[]
[]
[]
[]
[]
[]
[]
[]
[]
[]
[]
[]
[]
[]
[]
[]
[]
[]
[]
[]
[]
[]
[]
[]
[]
[]
[]
[]
[]
[]
[]
[]
[]
[]
[]
[]
[]
[]
[]
[]
[]
[]
[]
[]
[]
[]
[]
[]
[]
[]
[]
[]
[]
[]
[]
[]
[]
[]
[]
[]
[]
[]
[]
[]
[]
[]
[]
[]
[]
[]
[]
[]
[]
[]
[]
[]
[]
[]
[]
[]
[]
[]
[]
[]
[]
[]
[]
[]
[]
[]
[]
[]
[]
[]
[]
[]
[]
[]
[]
[]
[]
[]
[]
[]
[]
[]
[]
[]
[]
[]
[]
[]
[]
[]
[]
[]
[]
[]
[]
[]
[]
[]
[]
[]
[]
[]
[]
[]
[]
[]
[]
[]
[]
[]
[]
[]
[]
[]
[]
[]
[]
[]
[]
[]
[]
[]
[]
[]
[]
[]
[]
[]
[]
[]
[]
[]
[]
[]
[]
[]
[]
[]
[]
[]
[]
[]
[]
[]
[]
[]
[]
[]
[]
[]
[]
[]
[]
[]
[]
[]
[]
[]
[]
[]
[]
[]
[]
[]
[]
[]
[]
[]
[]
[]
[]
[]
[]
[]
[]
[]
[]
[]
[]
[]
[]
[]
[]
[]
[]
[]
[]
[]
[]
[]
[]
[]
[]
[]
[]
[]
[]
[]
[]
[]
[]
[]
[]
[]
[]
[]
[]
[]
[]
[]
[]
[]
[]
[]
[]
[]
[]
[]
[]
[]
[]
[]
[]
[]
[]
[]
[]
[]
[]
[]
[]
[]
[]
[]
[]
[]
[]
[]
[]
[]
[]
[]
[]
[]
[]
[]
[]
[]
[]
[]
[]
[]
[]
[]
[]
[]
[]
[]
[]
[]
[]
[]
[]
[]
[]
[]
[]
[]
[]
[]
[]
[]
[]
[]
[]
[]
[]
[]
[]
[]
[]
[]
[]
[]
[]
[]
[]
[]
[]
[]
[]
[]
[]
[]
[]
[]
[]
[]
[]
[]
[]
[]
[]
[]
[]
[]
[]
[]
[]
[]
[]
[]
[]
[]
[]
[]
[]
[]
[]
[]
[]
[]
[]
[]
[]
[]
[]
[]
[]
[]
[]
[]
[]
[]
[]
[]
[]
[]
[]
[]
[]
[]
[]
[]
[]
[]
[]
[]
[]
[]
[]
[]
[]
[]
[]
[]
[]
[]
[]
[]
[]
[]
[]
[]
[]
[]
[]
[]
[]
[]
[]
[]
[]
[]
[]
[]
[]
[]
[]
[]
[]
[]
[]
[]
[]
[]
[]
[]
[]
[]
[]
[]
[]
[]
[]
[]
[]
[]
[]
[]
[]
[]
[]
[]
[]
[]
[]
[]
[]
[]
[]
[]
[]
[]
[]
[]
[]
[]
[]
[]
[]
[]
[]
[]
[]
[]
[]
[]
[]
[]
[]
[]
[]
[]
[]
[]
[]
[]
[]
[]
[]
[]
[]
[]
[]
[]
[]
[]
[]
[]
[]
[]
[]
[]
[]
[]
[]
[]
[]
[]
[]
[]
[]
[]
[]
[]
[]
[]
[]
[]
[]
[]
[]
[]
[]
[]
[]
[]
[]
[]
[]
[]
[]
[]
[]
[]
[]
[]
[]
[]
[]
[]
[]
[]
[]
[]
[]
[]
[]
[]
[]
[]
[]
[]
[]
[]
[]
[]
[]
[]
[]
[]
[]
[]
[]
[]
[]
[]
[]
[]
[]
[]
[]
[]
[]
[]
[]
[]
[]
[]
[]
[]
[]
[]
[]
[]
[]
[]
[]
[]
[]
[]
[]
[]
[]
[]
[]
[]
[]
[]
[]
[]
[]
[]
[]
[]
[]
[]
[]
[]
[]
[]
[]
[]
[]
[]
[]
[]
[]
[]
[]
[]
[]
[]
[]
[]
[]
[]
[]
[]
[]
[]
[]
[]
[]
[]
[]
[]
[]
[]
[]
[]
[]
[]
[]
[]
[]
[]
[]
[]
[]
[]
[]
[]
[]
[]
[]
[]
[]
[]
[]
[]
[]
[]
[]
[]
[]
[]
[]
[]
[]
[]
[]
[]
[]
[]
[]
[]
[]
[]
[]
[]
[]
[]
[]
[]
[]
[]
[]
[]
[]
[]
[]
[]
[]
[]
[]
[]
[]
[]
[]
[]
[]
[]
[]
[]
[]
[]
[]
[]
[]
[]
[]
[]
[]
[]
[]
[]
[]
[]
[]
[]
[]
[]
[]
[]
[]
[]
[]
[]
[]
[]
[]
[]
[]
[]
[]
[]
[]
[]
[]
[]
[]
[]
[]
[]
[]
[]
[]
[]
[]
[]
[]
[]
[]
[]
[]
[]
[]
[]
[]
[]
[]
[]
[]
[]
[]
[]
[]
[]
[]
[]
[]
[]
[]
[]
[]
[]
[]
[]
[]
[]
[]
[]
[]
[]
[]
[]
[]
[]
[]
[]
[]
[]
[]
[]
[]
[]
[]
[]
[]
[]
[]
[]
[]
[]
[]
[]
[]
[]
[]
[]
[]
[]
[]
[]
[]
[]
[]
[]
[]
[]
[]
[]
[]
[]
[]
[]
[]
[]
[]
[]
[]
[]
[]
[]
[]
[]
[]
[]
[]
[]
[]
[]
[]
[]
[]
[]
[]
[]
[]
[]
[]
[]
[]
[]
[]
[]
[]
[]
[]
[]
[]
[]
[]
[]
[]
[]
[]
[]
[]
[]
[]
[]
[]
[]
[]
[]
[]
[]
[]
[]
[]
[]
[]
[]
[]
[]
[]
[]
[]
[]
[]
[]
[]
[]
[]
[]
[]
[]
[]
[]
[]
[]
[]
[]
[]
[]
[]
[]
[]
[]
[]
[]
[]
[]
[]
[]
[]
[]
[]
[]
[]
[]
[]
[]
[]
[]
[]
[]
[]
[]
[]
[]
[]
[]
[]
[]
[]
[]
[]
[]
[]
[]
[]
[]
[]
[]
[]
[]
[]
[]
[]
[]
[]
[]
[]
[]
[]
[]
[]
[]
[]
[]
[]
[]
[]
[]
[]
[]
[]
[]
[]
[]
[]
[]
[]
[]
[]
[]
[]
[]
[]
[]
[]
[]
[]
[]
[]
[]
[]
[]
[]
[]
[]
[]
[]
[]
[]
[]
[]
[]
[]
[]
[]
[]
[]
[]
[]
[]
[]
[]
[]
[]
[]
[]
[]
[]
[]
[]
[]
[]
[]
[]
[]
[]
[]
[]
[]
[]
[]
[]
[]
[]
[]
[]
[]
[]
[]
[]
[]
[]
[]
[]
[]
[]
[]
[]
[]
[]
[]
[]
[]
[]
[]
[]
[]
[]
[]
[]
[]
[]
[]
[]
[]
[]
[]
[]
[]
[]
[]
[]
[]
[]
[]
[]
[]
[]
[]
[]
[]
[]
[]
[]
[]
[]
[]
[]
[]
[]
[]
[]
[]
[]
[]
[]
[]
[]
[]
[]
[]
[]
[]
[]
[]
[]
[]
[]
[]
[]
[]
[]
[]
[]
[]
[]
[]
[]
[]
[]
[]
[]
[]
[]
[]
[]
[]
[]
[]
[]
[]
[]
[]
[]
[]
[]
[]
[]
[]
[]
[]
[]
[]
[]
[]
[]
[]
[]
[]
[]
[]
[]
[]
[]
[]
[]
[]
[]
[]
[]
[]
[]
[]
[]
[]
[]
[]
[]
[]
[]
[]
[]
[]
[]
[]
[]
[]
[]
[]
[]
[]
[]
[]
[]
[]
[]
[]
[]
[]
[]
[]
[]
[]
[]
[]
[]
[]
[]
[]
[]
[]
[]
[]
[]
[]
[]
[]
[]
[]
[]
[]
[]
[]
[]
[]
[]
[]
[]
[]
[]
[]
[]
[]
[]
[]
[]
[]
[]
[]
[]
[]
[]
[]
[]
[]
[]
[]
[]
[]
[]
[]
[]
[]
[]
[]
[]
[]
[]
[]
[]
[]
[]
[]
[]
[]
[]
[]
[]
[]
[]
[]
[]
[]
[]
[]
[]
[]
[]
[]
[]
[]
[]
[]
[]
[]
[]
[]
[]
[]
[]
[]
[]
[]
[]
[]
[]
[]
[]
[]
[]
[]
[]
[]
[]
[]
[]
[]
[]
[]
[]
[]
[]
[]
[]
[]
[]
[]
[]
[]
[]
[]
[]
[]
[]
[]
[]
[]
[]
[]
[]
[]
[]
[]
[]
[]
[]
[]
[]
[]
[]
[]
[]
[]
[]
[]
[]
[]
[]
[]
[]
[]
[]
[]
[]
[]
[]
[]
[]
[]
[]
[]
[]
[]
[]
[]
[]
[]
[]
[]
[]
[]
[]
[]
[]
[]
[]
[]
[]
[]
[]
[]
[]
[]
[]
[]
[]
[]
[]
[]
[]
[]
[]
[]
[]
[]
[]
[]
[]
[]
[]
[]
[]
[]
[]
[]
[]
[]
[]
[]
[]
[]
[]
[]
[]
[]
[]
[]
[]
[]
[]
[]
[]
[]
[]
[]
[]
[]
[]
[]
[]
[]
[]
[]
[]
[]
[]
[]
[]
[]
[]
[]
[]
[]
[]
[]
[]
[]
[]
[]
[]
[]
[]
[]
[]
[]
[]
[]
[]
[]
[]
[]
[]
[]
[]
[]
[]
[]
[]
[]
[]
[]
[]
[]
[]
[]
[]
[]
[]
[]
[]
[]
[]
[]
[]
[]
[]
[]
[]
[]
[]
[]
[]
[]
[]
[]
[]
[]
[]
[]
[]
[]
[]
[]
[]
[]
[]
[]
[]
[]
[]
[]
[]
[]
[]
[]
[]
[]
[]
[]
[]
[]
[]
[]
[]
[]
[]
[]
[]
[]
[]
[]
[]
[]
[]
[]
[]
[]
[]
[]
[]
[]
[]
[]
[]
[]
[]
[]
[]
[]
[]
[]
[]
[]
[]
[]
[]
[]
[]
[]
[]
[]
[]
[]
[]
[]
[]
[]
[]
[]
[]
[]
[]
[]
[]
[]
[]
[]
[]
[]
[]
[]
[]
[]
[]
[]
[]
[]
[]
[]
[]
[]
[]
[]
[]
[]
[]
[]
[]
[]
[]
[]
[]
[]
[]
[]
[]
[]
[]
[]
[]
[]
[]
[]
[]
[]
[]
[]
[]
[]
[]
[]
[]
[]
[]
[]
[]
[]
[]
[]
[]
[]
[]
[]
[]
[]
[]
[]
[]
[]
[]
[]
[]
[]
[]
[]
[]
[]
[]
[]
[]
[]
[]
[]
[]
[]
[]
[]
[]
[]
[]
[]
[]
[]
[]
[]
[]
[]
[]
[]
[]
[]
[]
[]
[]
[]
[]
[]
[]
[]
[]
[]
[]
[]
[]
[]
[]
[]
[]
[]
[]
[]
[]
[]
[]
[]
[]
[]
[]
[]
[]
[]
[]
[]
[]
[]
[]
[]
[]
[]
[]
[]
[]
[]
[]
[]
[]
[]
[]
[]
[]
[]
[]
[]
[]
[]
[]
[]
[]
[]
[]
[]
[]
[]
[]
[]
[]
[]
[]
[]
[]
[]
[]
[]
[]
[]
[]
[]
[]
[]
[]
[]
[]
[]
[]
[]
[]
[]
[]
[]
[]
[]
[]
[]
[]
[]
[]
[]
[]
[]
[]
[]
[]
[]
[]
[]
[]
[]
[]
[]
[]
[]
[]
[]
[]
[]
[]
[]
[]
[]
[]
[]
[]
[]
[]
[]
[]
[]
[]
[]
[]
[]
[]
[]
[]
[]
[]
[]
[]
[]
[]
[]
[]
[]
[]
[]
[]
[]
[]
[]
[]
[]
[]
[]
[]
[]
[]
[]
[]
[]
[]
[]
[]
[]
[]
[]
[]
[]
[]
[]
[]
[]
[]
[]
[]
[]
[]
[]
[]
[]
[]
[]
[]
[]
[]
[]
[]
[]
[]
[]
[]
[]
[]
[]
[]
[]
[]
[]
[]
[]
[]
[]
[]
[]
[]
[]
[]
[]
[]
[]
[]
[]
[]
[]
[]
[]
[]
[]
[]
[]
[]
[]
[]
[]
[]
[]
[]
[]
[]
[]
[]
[]
[]
[]
[]
[]
[]
[]
[]
[]
[]
[]
[]
[]
[]
[]
[]
[]
[]
[]
[]
[]
[]
[]
[]
[]
[]
[]
[]
[]
[]
[]
[]
[]
[]
[]
[]
[]
[]
[]
[]
[]
[]
[]
[]
[]
[]
[]
[]
[]
[]
[]
[]
[]
[]
[]
[]
[]
[]
[]
[]
[]
[]
[]
[]
[]
[]
[]
[]
[]
[]
[]
[]
[]
[]
[]
[]
[]
[]
[]
[]
[]
[]
[]
[]
[]
[]
[]
[]
[]
[]
[]
[]
[]
[]
[]
[]
[]
[]
[]
[]
[]
[]
[]
[]
[]
[]
[]
[]
[]
[]
[]
[]
[]
[]
[]
[]
[]
[]
[]
[]
[]
[]
[]
[]
[]
[]
[]
[]
[]
[]
[]
[]
[]
[]
[]
[]
[]
[]
[]
[]
[]
[]
[]
[]
[]
[]
[]
[]
[]
[]
[]
[]
[]
[]
[]
[]
[]
[]
[]
[]
[]
[]
[]
[]
[]
[]
[]
[]
[]
[]
[]
[]
[]
[]
[]
[]
[]
[]
[]
[]
[]
[]
[]
[]
[]
[]
[]
[]
[]
[]
[]
[]
[]
[]
[]
[]
[]
[]
[]
[]
[]
[]
[]
[]
[]
[]
[]
[]
[]
[]
[]
[]
[]
[]
[]
[]
[]
[]
[]
[]
[]
[]
[]
[]
[0, 0, 0, 0, 8, 0, 0, 0, 0]
